method,n,tr_time,r2_test,tr_V0,pval0,tr_V1,pval1,tr_V2,pval2,tr_V3,pval3,tr_V4,pval4,tr_V5,pval5,tr_V6,pval6,tr_V7,pval7,tr_V8,pval8,tr_V9,pval9,tr_V10,pval10,tr_V11,pval11,tr_V12,pval12,tr_V13,pval13,tr_V14,pval14,tr_V15,pval15,tr_V16,pval16,tr_V17,pval17,tr_V18,pval18,tr_V19,pval19,tr_V20,pval20,tr_V21,pval21,tr_V22,pval22,tr_V23,pval23,tr_V24,pval24,tr_V25,pval25,tr_V26,pval26,tr_V27,pval27,tr_V28,pval28,tr_V29,pval29,tr_V30,pval30,tr_V31,pval31,tr_V32,pval32,tr_V33,pval33,tr_V34,pval34,tr_V35,pval35,tr_V36,pval36,tr_V37,pval37,tr_V38,pval38,tr_V39,pval39,tr_V40,pval40,tr_V41,pval41,tr_V42,pval42,tr_V43,pval43,tr_V44,pval44,tr_V45,pval45,tr_V46,pval46,tr_V47,pval47,tr_V48,pval48,tr_V49,pval49
LOCO-W,300,878.3158631324768,0.9895396196909491,1.0,0.09043861557438027,1.0,0.059212210758852635,1.0,0.008153696840603186,1.0,0.2676233187469361,1.0,0.010966894379292658,1.0,0.00017612140032552404,1.0,4.527555394151506e-06,1.0,0.004421484054474956,1.0,8.730412944579768e-06,1.0,8.175508302343815e-06,1.0,1.9768135946174326e-05,1.0,4.3039564037172795e-06,0.0,0.9327166318633668,0.0,0.17498918071397473,0.0,0.6369637044449323,0.0,0.11559231002829207,0.0,0.018718605276967226,0.0,0.6678686615690537,0.0,0.27606845196102325,0.0,0.6548794083704345,0.0,0.6615309283754964,0.0,0.6542523340190479,0.0,0.40197500565083855,0.0,0.916842153040306,0.0,0.9712654438238224,0.0,0.9717026120559361,0.0,0.661283425118177,0.0,0.07206203875849027,0.0,0.9986595766504496,0.0,0.008991871500730886,0.0,0.30148888991483846,0.0,0.7646533413258598,0.0,0.7971807791554916,0.0,0.41482545983527574,0.0,0.5643554740613141,0.0,0.9954070574630205,0.0,0.9857948719291618,0.0,0.5390848713998937,0.0,0.832215005763774,0.0,0.8514829479784778,0.0,0.25533422488072444,0.0,0.9470300670449919,0.0,0.5714508591119593,0.0,0.36255069904143633,0.0,0.6108930395615226,0.0,0.8221295475758147,0.0,0.9548662959113802,0.0,0.043487008479518585,0.0,0.9467638735655914,0.0,0.049729306069462687
CPI,300,16.751136779785156,0.9895396196909491,1.0,0.00014055874335895674,1.0,0.01929366880084644,1.0,7.342870313943104e-06,1.0,9.804250522919803e-05,1.0,3.0725280971389994e-07,1.0,9.962542726912518e-07,1.0,3.5566628054412534e-08,1.0,1.414196974321625e-06,1.0,2.5583685954194563e-06,1.0,1.4105533579108888e-05,1.0,1.2908297654929413e-08,1.0,4.95641832906342e-06,0.0,0.5641041432722582,0.0,0.23658212915138854,0.0,0.08114665407723953,0.0,0.37332675099591905,0.0,0.06229816546909009,0.0,0.2760160891910885,0.0,0.9465889702799062,0.0,0.8414444554357423,0.0,0.6552124154583976,0.0,0.32463002875560376,0.0,0.12681209051154546,0.0,0.5972678615478418,0.0,0.7458521796879116,0.0,0.9738869201407909,0.0,0.8734208256215015,0.0,0.2754547973315489,0.0,0.12817004871825866,0.0,0.6925575640568074,0.0,0.5001655503629875,0.0,0.9216477512351392,0.0,0.9888171135717184,0.0,0.10343850594311294,0.0,0.02781183541083938,0.0,0.3328795354924454,0.0,0.3296473653765535,0.0,0.6372327786799478,0.0,0.6331666217279559,0.0,0.3446923230860317,0.0,0.866749681986736,0.0,0.7998566984641592,0.0,0.5055701514374618,0.0,0.18734708909571396,0.0,0.3382690225591609,0.0,0.6738107478580411,0.0,0.8897622792387563,0.0,0.7721379715587804,0.0,0.07621158025404595,0.0,0.49912284017847103
CPI_sqrt,300,16.752676010131836,0.9895396196909491,1.0,0.3649749420059013,1.0,0.3387970744695068,1.0,0.26796157377451035,1.0,0.24685282876848058,1.0,0.24228636938910408,1.0,0.22529993893359418,1.0,0.247671453419206,1.0,0.15616267703307707,1.0,0.14633878287813024,1.0,0.27326137128879047,1.0,0.06857476982298852,1.0,0.10604553875412692,0.0,0.4999685624467574,0.0,0.5000192706655051,0.0,0.499878524829852,0.0,0.4999849239789864,0.0,0.49984577191176677,0.0,0.5000232748772122,0.0,0.5000227794657872,0.0,0.5000111686679544,0.0,0.5000175480211926,0.0,0.49977153352996984,0.0,0.49996142806879273,0.0,0.5000016405452966,0.0,0.500003015676072,0.0,0.5000498907839985,0.0,0.4999894369601232,0.0,0.49898515198158877,0.0,0.4997069049509867,0.0,0.49997231078874416,0.0,0.5000514082086744,0.0,0.5000171306523673,0.0,0.5000670548421265,0.0,0.5000011391695576,0.0,0.49986098683573876,0.0,0.5000717694174306,0.0,0.4999698427486449,0.0,0.4999692246205833,0.0,0.5000411581285841,0.0,0.4996485352066852,0.0,0.4998791811017356,0.0,0.5000592627864943,0.0,0.4999748285265543,0.0,0.4974460970084087,0.0,0.49999405379423634,0.0,0.5000007787396052,0.0,0.5000893853263813,0.0,0.5000121914501389,0.0,0.4985087892683756,0.0,0.4999058221840282
CPI_n,300,16.758882761001587,0.9895396196909491,1.0,0.011159077019674416,1.0,0.046366193573917594,1.0,0.07821108256972747,1.0,0.00318261114715439,1.0,0.0016172261736399985,1.0,0.00046900602427478146,1.0,0.0006359288454983244,1.0,0.004392325058425268,1.0,0.00013711232865975232,1.0,0.010088687003042373,1.0,2.71514372899489e-06,1.0,0.00021953968561759225,0.0,0.49943686808534915,0.0,0.4999528203801471,0.0,0.49847038380829456,0.0,0.4999140184071731,0.0,0.49935883545935805,0.0,0.49999609927917416,0.0,0.5008981198208512,0.0,0.5009802836441715,0.0,0.4997360629176325,0.0,0.49424836236069175,0.0,0.5005668212654376,0.0,0.500203384334529,0.0,0.5007534117880715,0.0,0.5000790739055158,0.0,0.50043026525655,0.0,0.49805398163075043,0.0,0.4973248586292723,0.0,0.5008073493051415,0.0,0.49685983807354167,0.0,0.501699335347054,0.0,0.5010460721416474,0.0,0.49944462720487076,0.0,0.499316118859483,0.0,0.5002291787068418,0.0,0.5002302466154294,0.0,0.4998286383601437,0.0,0.4995078362389993,0.0,0.4769398808005571,0.0,0.5003753061320962,0.0,0.4994273160881265,0.0,0.5003491688489144,0.0,0.4871434968904536,0.0,0.49975135559823686,0.0,0.49954025026358656,0.0,0.500958261777369,0.0,0.5004303745811879,0.0,0.4863158786366702,0.0,0.500334907682677
CPI_bt,300,16.933223009109497,0.9895396196909491,1.0,7.693600823529472e-06,1.0,0.000988489683733219,1.0,2.8064738710887423e-06,1.0,4.169413381764308e-07,1.0,1.0935147797502686e-08,1.0,2.49910097372936e-08,1.0,2.743949827758126e-12,1.0,1.1259297496188763e-19,1.0,7.297552465877695e-16,1.0,1.7903994154086677e-10,1.0,3.09084561071159e-19,1.0,2.1636727975616956e-18,0.0,0.4997468527838697,0.0,0.49969047944003997,0.0,0.49887408524604565,0.0,0.49932671357002284,0.0,0.4992077954667064,0.0,0.5002820033759341,0.0,0.5001980788109249,0.0,0.499771817862332,0.0,0.5001382170519315,0.0,0.4802601596810863,0.0,0.4990360244631625,0.0,0.5001311766004568,0.0,0.5024076453490174,0.0,0.500260794780869,0.0,0.49921640218163943,0.0,0.49766068287987253,0.0,0.49758635352292446,0.0,0.5010142725030158,0.0,0.4980004856234499,0.0,0.5026418780839641,0.0,0.5014312126124165,0.0,0.49944657440644774,0.0,0.5000434368819265,0.0,0.4999440360040544,0.0,0.4998462334499051,0.0,0.49966520966556977,0.0,0.4998622458227039,0.0,0.4960824272928054,0.0,0.49973103112979356,0.0,0.5002112273864409,0.0,0.5002632606491798,0.0,0.4516564502771304,0.0,0.5003111410852674,0.0,0.5000919335589185,0.0,0.5006673377637407,0.0,0.5003874436946835,0.0,0.4910774036409747,0.0,0.5002827756622513
CPI_sqd,300,16.926573038101196,0.9895396196909491,1.0,3.4401230958237955e-208,1.0,2.567436311197004e-27,1.0,1.9334392181821796e-119,1.0,4.7513216407429364e-105,1.0,8.257466236153682e-280,1.0,2.1437212685479448e-85,1.0,2.2453624939349457e-229,1.0,4.0182451857702655e-109,1.0,6.119345293392232e-44,1.0,4.2326319456455064e-125,1.0,1.504720391686874e-45,1.0,3.625555712957483e-42,0.0,0.5018331016028561,0.0,0.4508944635589094,0.0,0.5395575851184492,0.0,0.5405882756680547,0.0,0.37230496912452027,0.0,0.5207316688549841,0.0,0.5062869583059362,0.0,0.5177723206162201,0.0,0.5086435656150762,0.0,1.1595963369192166e-07,0.0,0.47471157887878357,0.0,0.5083326209600606,0.0,0.5705846535823105,0.0,0.48960390179787716,0.0,0.48067158053337994,0.0,0.13648126346880368,0.0,0.49453351887929997,0.0,0.46805978934261805,0.0,0.2876976790110257,0.0,0.6993808702660537,0.0,0.6425656254653451,0.0,0.4230425079653793,0.0,0.45836050298820924,0.0,0.475004652951021,0.0,0.5058897931981325,0.0,0.4771326338382359,0.0,0.47759643014532965,0.0,3.1456316877520507e-07,0.0,0.4828348473879814,0.0,0.5723775030736082,0.0,0.47605746769187074,0.0,0.5405371574903859,0.0,0.523436704872485,0.0,0.4820700376752309,0.0,0.5780875942830508,0.0,0.5320857758650928,0.0,4.643559386025493e-06,0.0,0.5278221972246013
S-CPI,300,29.83655834197998,0.9895396196909491,1.0,0.00206394883195397,1.0,0.08969784475345344,1.0,0.0012563024803997314,1.0,0.0015261046122293253,1.0,5.228168056702134e-05,1.0,0.0004179168071898569,1.0,2.071889702564375e-06,1.0,2.3282473743240775e-06,1.0,2.9838308528634025e-06,1.0,0.0022334549082593984,1.0,2.0050354527774237e-08,1.0,2.5899949513545596e-05,0.0,0.26938300032141926,0.0,0.5018476943736041,0.0,0.05541231723946229,0.0,0.4246052799546377,0.0,0.042803155454420413,0.0,0.7692155794258321,0.0,0.7142338162509309,0.0,0.9095883852331783,0.0,0.31141655927410516,0.0,0.09842549870831901,0.0,0.152851446108571,0.0,0.43862230369655303,0.0,0.7580438886570007,0.0,0.6396803984263193,0.0,0.6175459302313798,0.0,0.0897140510304385,0.0,0.09089112428347812,0.0,0.6440336897291629,0.0,0.3752062957844049,0.0,0.9097539429814681,0.0,0.7080979784634314,0.0,0.11743463090137768,0.0,0.09220656355974688,0.0,0.7116739448713464,0.0,0.32066784739018084,0.0,0.09451922373422844,0.0,0.4422011943727522,0.0,0.33338776068873144,0.0,0.4273581600923565,0.0,0.35031852031535826,0.0,0.2737779105069009,0.0,0.3985460315123542,0.0,0.8646809382372895,0.0,0.26249117794630195,0.0,0.9026738516912851,0.0,0.7091889212450799,0.0,0.13147703199104704,0.0,0.6820093412645059
S-CPI_sqrt,300,29.85027503967285,0.9895396196909491,1.0,0.3648816390306774,1.0,0.4124174291735277,1.0,0.3048309717609021,1.0,0.27461672524886166,1.0,0.2677551578898727,1.0,0.301043006618468,1.0,0.22841456221346085,1.0,0.12747351248740235,1.0,0.1138408838554893,1.0,0.31228224428498697,1.0,0.050251387297159625,1.0,0.13815928359843244,0.0,0.4999484277922655,0.0,0.49997101088890133,0.0,0.4997125693109709,0.0,0.4999654273817265,0.0,0.49980363303504605,0.0,0.5000523672425975,0.0,0.5000950966872288,0.0,0.5001028816379365,0.0,0.4999878238992026,0.0,0.49773083166849186,0.0,0.4999492197444329,0.0,0.499990850736758,0.0,0.5000960714640703,0.0,0.5000247658802391,0.0,0.4999874702122068,0.0,0.4988799253114379,0.0,0.49969747011317966,0.0,0.5000815478262268,0.0,0.5001165991559382,0.0,0.5003361926368832,0.0,0.5001979890190228,0.0,0.4998527044256071,0.0,0.49990338390338535,0.0,0.5000465389317188,0.0,0.4999616607966939,0.0,0.49994107637824087,0.0,0.4999779893187016,0.0,0.49950630152697373,0.0,0.5000389461604338,0.0,0.4999214695291014,0.0,0.49998363322926886,0.0,0.49898407151253454,0.0,0.49998781847548396,0.0,0.499974540872622,0.0,0.5001015271460933,0.0,0.5000391479093279,0.0,0.49874181287889213,0.0,0.5001014081472104
S-CPI_n,300,29.840105533599854,0.9895396196909491,1.0,0.10067582750938331,1.0,0.11742190447832906,1.0,0.022414623475075758,1.0,0.029257416585939038,1.0,0.007242585597418472,1.0,0.008682100450137988,1.0,0.001708345898617317,1.0,0.0013145381669558871,1.0,0.0005726106810821011,1.0,0.015893281185563112,1.0,1.351788565016951e-06,1.0,0.0019551487642160506,0.0,0.4995106858883028,0.0,0.5000434519222866,0.0,0.49770960217494414,0.0,0.5002264707995048,0.0,0.4979421583942362,0.0,0.5003743219070634,0.0,0.5007224684789522,0.0,0.5009583499015492,0.0,0.49982253103982843,0.0,0.4749980861731402,0.0,0.4994495768501469,0.0,0.4999988973044463,0.0,0.5013350549135545,0.0,0.5003043302564265,0.0,0.5000043134490085,0.0,0.4947800486322523,0.0,0.4984054429856964,0.0,0.5002779926297771,0.0,0.4989521728905236,0.0,0.5018109915871259,0.0,0.5007579375079657,0.0,0.4979665191363579,0.0,0.49885003050280363,0.0,0.5004340281851001,0.0,0.49977598560136494,0.0,0.4995782753407332,0.0,0.4995728174766799,0.0,0.49419276324781547,0.0,0.5003245324626957,0.0,0.4998609475409791,0.0,0.4995726921814047,0.0,0.4901010346905669,0.0,0.5001972236994349,0.0,0.4998433603788147,0.0,0.5013469112284609,0.0,0.5004254724198798,0.0,0.4748754034769067,0.0,0.5003809762565364
S-CPI_bt,300,30.062971591949463,0.9895396196909491,1.0,0.0036496905307458077,1.0,0.019273311237907105,1.0,6.424128459007102e-05,1.0,5.8556616776885675e-05,1.0,3.005451491101422e-09,1.0,1.4522721492628077e-05,1.0,1.4518916885428846e-10,1.0,2.037390357366897e-09,1.0,5.814087912622884e-13,1.0,3.9611924008025046e-05,1.0,9.83269193283936e-16,1.0,3.7038342207180646e-07,0.0,0.49926650467245265,0.0,0.5002374703689585,0.0,0.49758537115845064,0.0,0.4998321042862547,0.0,0.49801713673883724,0.0,0.5001901809711814,0.0,0.5009154256948584,0.0,0.500672065428485,0.0,0.499893778691748,0.0,0.4777024523672547,0.0,0.49874433822164904,0.0,0.4993271225023636,0.0,0.5008381148347633,0.0,0.5002394844397605,0.0,0.5003739736085696,0.0,0.48673719558104883,0.0,0.49615424748717446,0.0,0.5005888700488128,0.0,0.4984866474645912,0.0,0.5017708988593143,0.0,0.5011723453855671,0.0,0.49826577399728633,0.0,0.49889098809573257,0.0,0.5004260216060561,0.0,0.4996164467611247,0.0,0.49971260221223834,0.0,0.4994488930007657,0.0,0.4907129644511998,0.0,0.4997493322476007,0.0,0.4998402987348349,0.0,0.49987954144206415,0.0,0.47620008446755197,0.0,0.5000575552126026,0.0,0.5000573084826082,0.0,0.5008915489690192,0.0,0.5004126010609148,0.0,0.4791078625146032,0.0,0.5002064593667416
S-CPI_sqd,300,30.007216691970825,0.9895396196909491,1.0,1.5903224040610187e-62,1.0,3.4569279751387056e-45,1.0,9.81494567240965e-49,1.0,3.2416002205262994e-27,1.0,3.838108999299143e-80,1.0,4.0882111004983825e-14,1.0,3.818119749279066e-79,1.0,4.652091827111325e-34,1.0,2.2933010193519108e-23,1.0,1.0260467168572412e-61,1.0,1.9323642804563922e-53,1.0,1.6536492221052024e-24,0.0,0.4535751367515258,0.0,0.5018667817895006,0.0,0.35319389661699385,0.0,0.5365827337785402,0.0,0.29934618750083697,0.0,0.5430614612442074,0.0,0.5578321611654325,0.0,0.5424988199249032,0.0,0.47491745891618253,0.0,4.315873675195708e-06,0.0,0.41319973889591854,0.0,0.4744498282198205,0.0,0.5830033509744089,0.0,0.49978618713316075,0.0,0.5358825468986038,0.0,0.010573853534704079,0.0,0.1836304571048682,0.0,0.5317474300803623,0.0,0.4098091491328172,0.0,0.6893275779007246,0.0,0.6553763873043633,0.0,0.4101540960704318,0.0,0.43009731899919157,0.0,0.5262226781433582,0.0,0.5044818103127223,0.0,0.4724418704638548,0.0,0.46488882547155885,0.0,0.004675200793540363,0.0,0.5135166928932725,0.0,0.41258619437760374,0.0,0.46164548396172217,0.0,0.00012638168765538555,0.0,0.5289599608902394,0.0,0.4664950027442859,0.0,0.6096456732173522,0.0,0.5565692805300986,0.0,5.973905855607214e-05,0.0,0.44648092283773205
S-CPI2,300,160.6327428817749,0.9895396196909491,1.0,0.009433717599163352,1.0,0.0768051508937895,1.0,0.002049859351957395,1.0,0.006072409236558253,1.0,7.63862782457102e-05,1.0,0.0023508420763222004,1.0,3.5920130632033016e-06,1.0,2.088850185506352e-05,1.0,2.4807429528800374e-05,1.0,0.00544859937743897,1.0,4.104079789843722e-09,1.0,0.00019570852266072842,0.0,0.16372552048675548,0.0,0.5482747256738084,0.0,0.04319251407357111,0.0,0.5705424571456137,0.0,0.055700868641444655,0.0,0.625961151247515,0.0,0.9034440109688803,0.0,0.8233641675403993,0.0,0.24604873693122475,0.0,0.0581012469754618,0.0,0.2998920399650337,0.0,0.525131614176627,0.0,0.7054283965834447,0.0,0.6633214319814631,0.0,0.5603007644221687,0.0,0.032119539276552846,0.0,0.07308230349765057,0.0,0.610358958944327,0.0,0.34913142048264756,0.0,0.9250288973344537,0.0,0.9313314140209535,0.0,0.13979493227347883,0.0,0.12864922647428784,0.0,0.6699702717137268,0.0,0.3280216373565774,0.0,0.18998030959266476,0.0,0.26217703847061846,0.0,0.2471961297444205,0.0,0.5184354101061424,0.0,0.21764350331638832,0.0,0.38906855633618836,0.0,0.377986632702057,0.0,0.6982412075382033,0.0,0.32659821092622027,0.0,0.916520740820667,0.0,0.7982391065453509,0.0,0.09178843922072155,0.0,0.546745063549398
S-CPI2_sqrt,300,158.55823373794556,0.9895396196909491,1.0,0.37215629573449494,1.0,0.4217114999071793,1.0,0.30017365673604185,1.0,0.28926806999818366,1.0,0.22499171402383683,1.0,0.28788459994091425,1.0,0.17903827438915493,1.0,0.15148357528533485,1.0,0.15521933704914914,1.0,0.2557336373945275,1.0,0.061617791076102914,1.0,0.16783143022807573,0.0,0.4999497800814646,0.0,0.499996715109049,0.0,0.4997875244804844,0.0,0.49997999561372425,0.0,0.4997455684528499,0.0,0.5000610986616162,0.0,0.5000693395585134,0.0,0.5000946581412706,0.0,0.49998128863142666,0.0,0.49774392830670383,0.0,0.49991791964514043,0.0,0.4999891743253056,0.0,0.5001313364615781,0.0,0.5000167095345418,0.0,0.500024589046278,0.0,0.4986023786752906,0.0,0.4996190340224044,0.0,0.5000551332766457,0.0,0.49989721379528834,0.0,0.500258450363055,0.0,0.5001609656485503,0.0,0.49983636777093227,0.0,0.4998799983572974,0.0,0.5000362679664101,0.0,0.4999668273144933,0.0,0.4999532964617502,0.0,0.4999487381540727,0.0,0.49905722951452036,0.0,0.5000110736972736,0.0,0.49992831908346835,0.0,0.49995937139699986,0.0,0.49883071333411294,0.0,0.5000172020466203,0.0,0.4999728276495503,0.0,0.5001486347322716,0.0,0.5000767867916733,0.0,0.4980391264433055,0.0,0.5000028456308033
S-CPI2_n,300,158.0179886817932,0.9895396196909491,1.0,0.09427084821270676,1.0,0.20816613622790509,1.0,0.020155872939763838,1.0,0.0332982099778748,1.0,0.005368892134263904,1.0,0.018347000579655135,1.0,0.0005682148691228798,1.0,0.0009079862339955658,1.0,0.00043955985949109544,1.0,0.03504643011766226,1.0,5.807216449656773e-06,1.0,0.0018502627139925765,0.0,0.499453995191485,0.0,0.49999291187764217,0.0,0.49799811767843816,0.0,0.49958032462710594,0.0,0.4975563266199375,0.0,0.5004470295262441,0.0,0.5007827520522202,0.0,0.5007620064275873,0.0,0.4998082368853254,0.0,0.4797899631332134,0.0,0.49913945745309196,0.0,0.5000381818671655,0.0,0.5010958938116092,0.0,0.5003178390191322,0.0,0.5003489049715921,0.0,0.486205611506351,0.0,0.4960061223815227,0.0,0.5004112679957553,0.0,0.49903271280156625,0.0,0.5027154070248703,0.0,0.5013829272612224,0.0,0.4985848145809221,0.0,0.49888807744360675,0.0,0.5004588601726382,0.0,0.49972343380697093,0.0,0.49959928703806344,0.0,0.49956567498480886,0.0,0.49030074035458493,0.0,0.4999432319550069,0.0,0.4992358057349963,0.0,0.4996988891718502,0.0,0.4908930193642389,0.0,0.5001700884740983,0.0,0.49974000951394887,0.0,0.5014893952959529,0.0,0.5006028318246868,0.0,0.48409889818108853,0.0,0.5000527581910087
S-CPI2_bt,300,158.29929542541504,0.9895396196909491,1.0,0.003650156276970342,1.0,0.05037139534028716,1.0,1.720328783326098e-05,1.0,0.0006322652711903208,1.0,1.341742046996279e-07,1.0,2.2711735809104262e-05,1.0,8.496977117822553e-10,1.0,1.377853381447867e-08,1.0,5.56326492431697e-08,1.0,5.6897937945826944e-05,1.0,1.2494601629577645e-17,1.0,1.4152524274283274e-09,0.0,0.49959058422135755,0.0,0.49988442608370975,0.0,0.49766593654683244,0.0,0.49999067928286595,0.0,0.49745554358310723,0.0,0.5003282779346219,0.0,0.5007537742308625,0.0,0.5006824672923815,0.0,0.4997935201876498,0.0,0.47648034649412624,0.0,0.4992937360744872,0.0,0.499972467681885,0.0,0.5011782641486922,0.0,0.5001976992777335,0.0,0.5002193124861959,0.0,0.48695672755843017,0.0,0.4965597809984739,0.0,0.5006209942869136,0.0,0.4991257377464648,0.0,0.5025511003736158,0.0,0.5014421612967115,0.0,0.49859326930397196,0.0,0.498778467607622,0.0,0.500480111591921,0.0,0.49977827625075083,0.0,0.49959183523590267,0.0,0.4994761689467361,0.0,0.4878776320126859,0.0,0.5001042647655913,0.0,0.49962918308787246,0.0,0.4996856575062322,0.0,0.4893662762984585,0.0,0.5000798821003797,0.0,0.49985886419346226,0.0,0.5015784918024557,0.0,0.5006579326374746,0.0,0.4834977854430313,0.0,0.49986043575773975
S-CPI2_sqd,300,158.23812747001648,0.9895396196909491,1.0,5.900051776516843e-26,1.0,1.7835070467331663e-19,1.0,4.03061610692369e-55,1.0,2.8538677793943136e-13,1.0,4.233478268882586e-27,1.0,1.4562815501230872e-23,1.0,7.648984076123624e-84,1.0,1.6619228322068076e-47,1.0,1.3413976442605393e-24,1.0,1.6162712323138306e-21,1.0,6.75637786576561e-81,1.0,1.4071752810455536e-32,0.0,0.44992254144322336,0.0,0.49834284617837576,0.0,0.3167778119618919,0.0,0.50848210285407,0.0,0.29569990358091724,0.0,0.517030886074247,0.0,0.5627386512309924,0.0,0.5516986437117244,0.0,0.4864292192030127,0.0,5.773542516366019e-07,0.0,0.4318045392977535,0.0,0.49739487456292214,0.0,0.6071811452791351,0.0,0.5304488915804609,0.0,0.5241711860804583,0.0,0.0004566853624953477,0.0,0.19568575541266764,0.0,0.5440292077792577,0.0,0.436613889401728,0.0,0.7300186045550044,0.0,0.6315556511085442,0.0,0.3655639234211413,0.0,0.4065422732917425,0.0,0.5324750794317706,0.0,0.4784595380086633,0.0,0.459750824484055,0.0,0.4520713056525771,0.0,0.047217839748278076,0.0,0.5117776110548304,0.0,0.4326653155202253,0.0,0.4874343785105231,0.0,0.08666842271644148,0.0,0.5151569769957423,0.0,0.4730517300120236,0.0,0.6411121889208,0.0,0.5558981234668411,0.0,1.7620838306799053e-05,0.0,0.5164668090259067
LOCO,300,584.5091965198517,0.9895396196909491,1.0,0.018905130005414855,1.0,0.03772909445145132,1.0,0.00029391779752006104,1.0,0.005198027170352776,1.0,2.491360884359206e-06,1.0,0.005493213591130283,1.0,0.00011954474574759559,1.0,4.840284417089396e-06,1.0,2.9806361496605025e-05,1.0,0.00027107281261524926,1.0,1.4300072220234779e-08,1.0,4.86941645738975e-05,0.0,0.5075152003154388,0.0,0.07888407681655768,0.0,0.15167088091760833,0.0,0.0012084775852442566,0.0,0.06803043307263779,0.0,0.04650928771476791,0.0,0.09975105374895793,0.0,0.016923633158635678,0.0,0.05751839221097244,0.0,0.07019484237780009,0.0,0.0004984315648213168,0.0,0.06022880386300426,0.0,0.05417313114735643,0.0,0.09525196115891149,0.0,0.07382338985864516,0.0,0.0029293117261627627,0.0,0.009218870536332285,0.0,0.01860925474300723,0.0,8.975188379567803e-05,0.0,0.006352272165885286,0.0,0.04362601761767601,0.0,0.003815339641730469,0.0,0.1428902370618046,0.0,0.2213458768210394,0.0,0.11499360057798969,0.0,0.10107935932525597,0.0,0.05331482387663531,0.0,0.0625920963106463,0.0,0.061269365057421914,0.0,0.011883311334464632,0.0,0.00831962463595008,0.0,0.2255034196782777,0.0,0.0223893819962931,0.0,0.1647807733538439,0.0,0.11646294401842955,0.0,0.08249691633275225,0.0,0.004141689832621088,0.0,0.09585211848712988
LOCO_sqrt,300,584.4373736381531,0.9895396196909491,1.0,0.3833406348342616,1.0,0.40258159533902643,1.0,0.23555281242827636,1.0,0.29695114493576436,1.0,0.19779254313526967,1.0,0.312422848833927,1.0,0.24029059033990668,1.0,0.1340206947978439,1.0,0.1391548226732483,1.0,0.19776655274708027,1.0,0.0427438528202906,1.0,0.14497155367321957,0.0,0.5000422133699611,0.0,0.49849952846549217,0.0,0.49879892081927185,0.0,0.4941592388045566,0.0,0.4964319828672326,0.0,0.49417111157220567,0.0,0.4987964925898062,0.0,0.4948415863856134,0.0,0.49726721449532213,0.0,0.4968046014028512,0.0,0.49037195800229266,0.0,0.4942512394809929,0.0,0.4886199825317229,0.0,0.49683730886319094,0.0,0.49565149884180076,0.0,0.49502123668430487,0.0,0.49504233642903156,0.0,0.4909599308942451,0.0,0.4848540566128122,0.0,0.49307097443945525,0.0,0.4926655742712478,0.0,0.4955070949563695,0.0,0.4985371688174091,0.0,0.49850631742007306,0.0,0.4970591420714146,0.0,0.4982594886853385,0.0,0.49640589497256504,0.0,0.4953461627459106,0.0,0.4982990825206399,0.0,0.49668783995726584,0.0,0.4964931364476306,0.0,0.4969548967495914,0.0,0.49829695468066376,0.0,0.49786306050705254,0.0,0.4970816597454456,0.0,0.49582622623383704,0.0,0.49363922485933426,0.0,0.4987525736205647
LOCO_n,300,584.4553003311157,0.9895396196909491,1.0,0.10163445187864006,1.0,0.14127363079963495,1.0,0.006950267050854295,1.0,0.03371861479715135,1.0,0.0008897452692725202,1.0,0.03898063656268632,1.0,0.00546645926064452,1.0,0.0003858393549440352,1.0,0.0008913504146360214,1.0,0.004486591855772074,1.0,3.4848733415261303e-06,1.0,0.0011908388999381596,0.0,0.5003822499350367,0.0,0.48608261470133585,0.0,0.4888829868458028,0.0,0.4469256583177645,0.0,0.4678254787408656,0.0,0.4486448754641738,0.0,0.4888073643794444,0.0,0.45357345291331747,0.0,0.475013034296439,0.0,0.4710470354500133,0.0,0.41466486447341455,0.0,0.4495773919600457,0.0,0.40703126434836445,0.0,0.47148679060996673,0.0,0.4612841809009438,0.0,0.45461278013270556,0.0,0.4550763449811371,0.0,0.42198379185783286,0.0,0.37005059264513007,0.0,0.4381831852539383,0.0,0.4365044457786643,0.0,0.4589227221183957,0.0,0.4865180254611276,0.0,0.48639552863943086,0.0,0.4735018877942245,0.0,0.4839581655776599,0.0,0.46748160432408414,0.0,0.4586012056789182,0.0,0.4842371900257008,0.0,0.46955702889904705,0.0,0.46777087826152053,0.0,0.47341737734796074,0.0,0.4841341476695462,0.0,0.48063785316715496,0.0,0.4737026829462189,0.0,0.4628372714134947,0.0,0.44279338465059226,0.0,0.4884032400310579
LOCO_bt,300,584.6067657470703,0.9895396196909491,1.0,0.0049526411458701396,1.0,0.014921433177627,1.0,4.0537002113938055e-07,1.0,8.605766307861885e-05,1.0,1.1849230879573373e-11,1.0,0.0001290272064258615,1.0,7.659805422657942e-07,1.0,2.633324004791308e-10,1.0,6.473815917804183e-07,1.0,1.2453466805738285e-06,1.0,7.058458273587196e-11,1.0,1.303051872225062e-07,0.0,0.5004025744591758,0.0,0.485731378175325,0.0,0.4885748259890477,0.0,0.44450972592502264,0.0,0.465999808742553,0.0,0.44443821108381076,0.0,0.4885577662454551,0.0,0.4509032820563156,0.0,0.4739851214198544,0.0,0.4695610933571697,0.0,0.40882776295521106,0.0,0.4451739559418649,0.0,0.3917910545094316,0.0,0.46985326931759136,0.0,0.4585346853276071,0.0,0.4526744845936662,0.0,0.4528462869220567,0.0,0.41407083142801815,0.0,0.3581133876572602,0.0,0.4341404940272151,0.0,0.43010655740689385,0.0,0.4572839811043745,0.0,0.48607876548087753,0.0,0.4857659479575096,0.0,0.47196094039382575,0.0,0.48343831738265464,0.0,0.46576613737467576,0.0,0.4556274270063498,0.0,0.48382461319533615,0.0,0.4685000116270483,0.0,0.46665074003470486,0.0,0.4708684610048546,0.0,0.48381416752439244,0.0,0.47963137214964874,0.0,0.4721762454103024,0.0,0.4601935998642367,0.0,0.439539460619285,0.0,0.48813992411837037
LOCO_sqd,300,584.6103537082672,0.9895396196909491,1.0,1.3202179320787781e-18,1.0,4.430615141079803e-32,1.0,6.348059452991004e-19,1.0,1.7609403375237673e-15,1.0,1.857844291087488e-62,1.0,3.0740288491793624e-19,1.0,5.781425703600313e-45,1.0,3.633975672364248e-36,1.0,1.3411217446603523e-28,1.0,1.1994894484793849e-17,1.0,1.2213594344940207e-44,1.0,3.831237527959746e-36,0.0,0.5350892328048953,0.0,0.000686762970656332,0.0,0.005319450701516101,0.0,4.928002090271091e-35,0.0,7.230965494210127e-14,0.0,1.0073249062073058e-31,0.0,0.005107944953870923,0.0,4.313233334001466e-27,0.0,4.050617670741634e-09,0.0,1.1614486595358125e-11,0.0,5.714523509706087e-87,0.0,4.494676625752021e-31,0.0,3.389354784191553e-81,0.0,2.152934827726885e-11,0.0,3.787558198454426e-19,0.0,4.549819227286592e-26,0.0,2.6342994300941833e-25,0.0,3.7587952696626223e-69,0.0,1.464729422607121e-188,0.0,6.0838262791126964e-46,0.0,3.1651596035883117e-46,0.0,1.279890726460048e-21,0.0,0.0009638331344362987,0.0,0.0008697808983711131,0.0,3.960258268411059e-10,0.0,0.00010627271813175774,0.0,2.5072594643204672e-14,0.0,7.634356720731973e-22,0.0,0.00014682909993702647,0.0,1.0070075456388412e-12,0.0,6.581457700690395e-14,0.0,1.057578351641744e-09,0.0,0.0001370352388974502,0.0,4.338057089261813e-06,0.0,8.195405662327525e-10,0.0,1.3308420118491678e-17,0.0,4.028512924595918e-40,0.0,0.0038551216649340336
S-CPI_ST,300,16.73231816291809,0.9895396196909491,1.0,0.02229876231395796,1.0,0.5419355614943554,1.0,0.05667217702171029,1.0,0.0010301328404815372,1.0,0.0020825570079122217,1.0,0.007433376472813117,1.0,3.828536465524171e-05,1.0,3.828536465524171e-05,1.0,0.004022964066612547,1.0,0.17141655971039418,1.0,0.02229876231395796,1.0,0.0020825570079122217,0.0,0.8285834402896058,0.0,0.977701237686042,0.0,0.9959770359333875,0.0,0.9959770359333875,0.0,0.5419355614943554,0.0,0.8285834402896058,0.0,0.9999851677353874,0.0,0.9979174429920877,0.0,0.9979174429920877,0.0,0.4580644385056446,0.0,0.6239833992007023,0.0,0.6239833992007023,0.0,0.9989698671595184,0.0,0.9925666235271868,0.0,0.5419355614943554,0.0,0.23039623635948664,0.0,0.9989698671595184,0.0,0.9637252339037691,0.0,0.9148788024769632,0.0,0.7007941408832403,0.0,0.9995136196460244,0.0,0.9997810389016829,0.0,0.9148788024769632,0.0,0.9868491674344388,0.0,0.8769467751418607,0.0,0.9999945489754044,0.0,0.9433278229782898,0.0,0.4580644385056446,0.0,0.9997810389016829,0.0,0.9997810389016829,0.0,0.9997810389016829,0.0,0.5419355614943554,0.0,0.9868491674344388,0.0,0.9637252339037691,0.0,0.9995136196460244,0.0,0.9925666235271868,0.0,0.4580644385056446,0.0,0.9925666235271868
S-CPI_Wilcox,300,16.776318788528442,0.9895396196909491,1.0,4.3995197307422e-05,1.0,0.11099430221322326,1.0,0.00043284311438200314,1.0,9.986375669418017e-06,1.0,3.658291071125032e-05,1.0,2.6243850160835546e-05,1.0,6.351462775878105e-05,1.0,9.110210596464456e-06,1.0,6.558293237808626e-07,1.0,1.0942418526360258e-05,1.0,7.10424970420245e-10,1.0,3.1693452862201735e-06,0.0,0.29226606251037135,0.0,0.6688961864665979,0.0,0.20720253062736532,0.0,0.3318945254607056,0.0,0.15222438056580823,0.0,0.7058899763235978,0.0,0.8073804953270816,0.0,0.1292298624796403,0.0,0.385058588186119,0.0,0.1364980591429064,0.0,0.17599139276292813,0.0,0.33747449353899195,0.0,0.2055712821019977,0.0,0.6870638666938371,0.0,0.330589408617981,0.0,0.7792783580648701,0.0,0.24502217121589887,0.0,0.4103579742435188,0.0,0.41595498828518296,0.0,0.7620384972669032,0.0,0.28066698548219415,0.0,0.2143994152083155,0.0,0.6629629047058158,0.0,0.4136432436320049,0.0,0.08774378612981243,0.0,0.2066723933479772,0.0,0.7205611901005178,0.0,0.08056590328207258,0.0,0.20871456158966317,0.0,0.6635142321979679,0.0,0.07249835289749469,0.0,0.4341972193390907,0.0,0.8987242292038815,0.0,0.33030912941559365,0.0,0.6749230398855124,0.0,0.6617207680699482,0.0,0.052379609484094945,0.0,0.3049257538119505
LOCO_ST,300,584.4774675369263,0.9895396196909491,1.0,0.05667217702171029,1.0,0.5419355614943554,1.0,0.036274766096230884,1.0,0.6239833992007023,1.0,0.004022964066612547,1.0,0.17141655971039418,1.0,0.02229876231395796,1.0,0.004022964066612547,1.0,0.013150832565561134,1.0,0.004022964066612547,1.0,0.0020825570079122217,1.0,0.036274766096230884,0.0,0.7007941408832403,0.0,0.12305322485813928,0.0,0.2992058591167596,0.0,0.08512119752303683,0.0,0.2992058591167596,0.0,0.17141655971039418,0.0,0.9148788024769632,0.0,0.17141655971039418,0.0,0.23039623635948664,0.0,0.05667217702171029,0.0,0.0002189610983170669,0.0,0.17141655971039418,0.0,0.12305322485813928,0.0,0.4580644385056446,0.0,0.23039623635948664,0.0,0.004022964066612547,0.0,0.23039623635948664,0.0,0.036274766096230884,0.0,0.004022964066612547,0.0,0.036274766096230884,0.0,0.12305322485813928,0.0,0.6239833992007023,0.0,0.7007941408832403,0.0,0.8285834402896058,0.0,0.2992058591167596,0.0,0.2992058591167596,0.0,0.23039623635948664,0.0,0.05667217702171029,0.0,0.08512119752303683,0.0,0.4580644385056446,0.0,0.05667217702171029,0.0,0.17141655971039418,0.0,0.23039623635948664,0.0,0.4580644385056446,0.0,0.4580644385056446,0.0,0.23039623635948664,0.0,0.036274766096230884,0.0,0.7696037636405133
LOCO_Wilcox,300,584.4774675369263,0.9895396196909491,1.0,0.013657263764161058,1.0,0.25790239555042227,1.0,0.0013514056765762505,1.0,0.13732174074531378,1.0,3.0932459284290885e-05,1.0,0.02118076054219155,1.0,0.0005953860566244281,1.0,6.881900017078861e-06,1.0,0.000966779614531871,1.0,0.0005787954696261649,1.0,9.93136141061119e-08,1.0,0.0003986295660554825,0.0,0.6239454496033106,0.0,0.1408883392732524,0.0,0.22529203590302171,0.0,0.011202132061980778,0.0,0.10142077948278955,0.0,0.06388358030166683,0.0,0.3821782778648047,0.0,0.04270468344050701,0.0,0.11643004082499692,0.0,0.07745885552537563,0.0,0.00015235609234563242,0.0,0.0958295084969924,0.0,0.09514686130684391,0.0,0.1799936734088346,0.0,0.16861575436460563,0.0,0.008751010598983738,0.0,0.03282267907275882,0.0,0.02760069545611107,0.0,0.0002071626968160835,0.0,0.00985751160860318,0.0,0.10285500860584412,0.0,0.0553122345221151,0.0,0.3282980592631283,0.0,0.4607357262029029,0.0,0.17064933255089498,0.0,0.11881076530527307,0.0,0.0958295084969924,0.0,0.048076670520770866,0.0,0.0847069152263395,0.0,0.04197848695662558,0.0,0.013657263764161058,0.0,0.2750808683931598,0.0,0.030255564592939526,0.0,0.2750808683931598,0.0,0.2724017710020682,0.0,0.08284890623226054,0.0,0.011807832940716155,0.0,0.2872949580648044
CPI_KO_ST,300,37.83082056045532,0.9894042878584562,1.0,3.908212039637722e-07,1.0,8.272584199343818e-05,1.0,3.109605119133964e-08,1.0,4.474680805149472e-11,1.0,3.109605119133964e-08,1.0,4.474680805149472e-11,1.0,2.0072488829913333e-11,1.0,1.433160866052752e-16,1.0,1.883171086160874e-14,1.0,4.7573161725675423e-14,1.0,7.167015874761853e-19,1.0,1.6881397730182937e-23,0.0,0.9935440821822551,0.0,0.9879090087633686,0.0,0.9633440237005766,0.0,0.9999960769017973,0.0,0.5687364536522668,0.0,0.9717171743728545,0.0,0.999999609178796,0.0,0.9935440821822551,0.0,0.9998688103743657,0.0,0.34308771160569407,0.0,0.9984153663992497,0.0,0.9999960769017973,0.0,0.9967199183576391,0.0,0.9997946892935033,0.0,0.9977056439632266,0.0,0.4312635463477333,0.0,0.9977056439632266,0.0,0.9633440237005766,0.0,0.9079417138040071,0.0,0.9997946892935033,0.0,0.9997946892935033,0.0,0.9256037211294845,0.0,0.6135567284546986,0.0,0.9989194306293796,0.0,0.9717171743728545,0.0,0.9837546230189789,0.0,0.9935440821822551,0.0,0.9405568316259011,0.0,0.9935440821822551,0.0,0.9996828899965359,0.0,0.9911103295428689,0.0,0.5687364536522668,0.0,0.9984153663992497,0.0,0.9999485240294252,0.0,0.47698624279048324,0.0,0.9837546230189789,0.0,0.773512142528752,0.0,0.9935440821822551
CPI_KO_Wilcox,300,37.839844942092896,0.9894042878584562,1.0,1.9123827686142777e-10,1.0,1.1130580069961378e-09,1.0,5.1396165477739236e-20,1.0,2.542463443092505e-10,1.0,5.92410858178169e-17,1.0,1.1883780580999916e-13,1.0,2.060546735406489e-19,1.0,1.3415712584092552e-24,1.0,3.7932800306986886e-21,1.0,9.337356347927059e-20,1.0,1.5695072327711778e-24,1.0,1.2224360966474715e-25,0.0,0.4304356677095671,0.0,0.785028201685908,0.0,0.44561832237743376,0.0,0.6659975455667413,0.0,0.7476870904555993,0.0,0.34225132843335015,0.0,0.02083060647221208,0.0,0.23886615597344452,0.0,0.3902928043203022,0.0,0.6444605355671604,0.0,0.7513469688244517,0.0,0.4805729422313218,0.0,0.5316301206969587,0.0,0.4560016736499455,0.0,0.7853417200156334,0.0,0.8124917345384975,0.0,0.9812435683343144,0.0,0.08016734470621406,0.0,0.7943558926000913,0.0,0.7746042741663712,0.0,0.9829515885963687,0.0,0.9401223500024385,0.0,0.7068590883313669,0.0,0.35955597642065584,0.0,0.1575499413248313,0.0,0.20137308637715673,0.0,0.3087700330402229,0.0,0.8670496299226433,0.0,0.6331921866450996,0.0,0.8895156269577038,0.0,0.08036308559511551,0.0,0.014534689250887257,0.0,0.547416334404667,0.0,0.7690606056124105,0.0,0.7176565161367862,0.0,0.3914057821370276,0.0,0.05897629523398026,0.0,0.901644815351239
dCRT,300,822.8494124412537,0.9889890547765696,1.0,4.558388806285187e-21,1.0,5.461819387869798e-19,1.0,2.084014040873625e-24,1.0,6.666983917775284e-24,1.0,1.7410453165354092e-27,1.0,1.6622780232226156e-27,1.0,3.161796166495962e-30,1.0,5.086703585878854e-32,1.0,5.543665530422512e-32,1.0,7.200339414348282e-35,1.0,6.097487156682235e-38,1.0,2.5950267133760665e-39,0.0,0.10613553162693459,0.0,0.9323391634118334,0.0,0.7550307782541517,0.0,0.772537372264303,0.0,0.7098646255274823,0.0,0.2660995406375747,0.0,0.8345738854256168,0.0,0.5253965596613475,0.0,0.12480336049957969,0.0,0.013813971449066471,0.0,0.6811921031121817,0.0,0.7598824198224035,0.0,0.4269248907303812,0.0,0.5840759965393136,0.0,0.8243788023909537,0.0,0.07394131210271536,0.0,0.7525613533182252,0.0,0.1722869022381971,0.0,0.4917592149676604,0.0,0.8067868640174736,0.0,0.9343631769929354,0.0,0.5272721018405071,0.0,0.4398529371449441,0.0,0.9577204725150258,0.0,0.5713850787264665,0.0,0.8192382895999727,0.0,0.7780172188356651,0.0,0.12470699476928516,0.0,0.7528203640568414,0.0,0.5344074820210487,0.0,0.6387173676129256,0.0,0.09499358964283638,0.0,0.7812206169049171,0.0,0.24274161562049568,0.0,0.026232255622656332,0.0,0.7579797474767802,0.0,0.13521931248036928,0.0,0.663969748104589
HRT,300,3065.233300447464,0.9895396196909491,1.0,0.0,1.0,0.0,1.0,0.0,1.0,0.0,1.0,0.0,1.0,0.0,1.0,0.0,1.0,0.0,1.0,0.0,1.0,0.0,1.0,0.0,1.0,0.0,0.0,0.19,0.0,0.44666666666666666,0.0,0.08,0.0,0.5085714285714286,0.0,0.02095238095238095,0.0,0.72,0.0,0.8576190476190476,0.0,0.8166666666666667,0.0,0.3057142857142857,0.0,0.07047619047619047,0.0,0.23904761904761904,0.0,0.4657142857142857,0.0,0.7942857142857143,0.0,0.6447619047619048,0.0,0.6361904761904762,0.0,0.0419047619047619,0.0,0.06476190476190476,0.0,0.659047619047619,0.0,0.3657142857142857,0.0,0.8761904761904762,0.0,0.8990476190476191,0.0,0.08285714285714285,0.0,0.11476190476190476,0.0,0.7571428571428571,0.0,0.2542857142857143,0.0,0.17285714285714285,0.0,0.2923809523809524,0.0,0.2423809523809524,0.0,0.48333333333333334,0.0,0.3028571428571429,0.0,0.3823809523809524,0.0,0.3038095238095238,0.0,0.5966666666666667,0.0,0.37,0.0,0.9576190476190476,0.0,0.8276190476190476,0.0,0.08619047619047619,0.0,0.5138095238095238
