method,n,tr_time,r2_test,tr_V0,pval0,tr_V1,pval1,tr_V2,pval2,tr_V3,pval3,tr_V4,pval4,tr_V5,pval5,tr_V6,pval6,tr_V7,pval7,tr_V8,pval8,tr_V9,pval9,tr_V10,pval10,tr_V11,pval11,tr_V12,pval12,tr_V13,pval13,tr_V14,pval14,tr_V15,pval15,tr_V16,pval16,tr_V17,pval17,tr_V18,pval18,tr_V19,pval19,tr_V20,pval20,tr_V21,pval21,tr_V22,pval22,tr_V23,pval23,tr_V24,pval24,tr_V25,pval25,tr_V26,pval26,tr_V27,pval27,tr_V28,pval28,tr_V29,pval29,tr_V30,pval30,tr_V31,pval31,tr_V32,pval32,tr_V33,pval33,tr_V34,pval34,tr_V35,pval35,tr_V36,pval36,tr_V37,pval37,tr_V38,pval38,tr_V39,pval39,tr_V40,pval40,tr_V41,pval41,tr_V42,pval42,tr_V43,pval43,tr_V44,pval44,tr_V45,pval45,tr_V46,pval46,tr_V47,pval47,tr_V48,pval48,tr_V49,pval49
LOCO-W,300,866.7136824131012,0.6626987865041682,1.0,0.6604736299229989,1.0,0.0,1.0,0.998667197511411,1.0,0.9673756823704422,1.0,0.9993657351912341,1.0,0.9999663620543486,1.0,0.988048585354974,1.0,2.19035920967503e-06,1.0,0.17257010194032407,1.0,0.9976134001737558,0.0,0.0418879609929419,0.0,1.0,0.0,0.0,0.0,0.13494921539360183,0.0,0.5753000083859673,0.0,0.9953089423745575,0.0,0.9999720833596853,0.0,0.9335712144798125,0.0,0.9999941032756755,0.0,0.9861937515604672,0.0,0.7044292549085148,0.0,0.00033025163114441813,0.0,0.9999999941309843,0.0,0.9861845580057991,0.0,0.9999999975731247,0.0,0.0014553048546182001,0.0,0.9971169414527503,0.0,0.00030598550717519934,0.0,0.0,0.0,0.9999909678376155,0.0,0.9999998541023823,0.0,0.046048607764849536,0.0,1.7319479184152442e-14,0.0,1.0,0.0,0.5024483117362477,0.0,0.378648918706577,0.0,6.130184797559224e-07,0.0,0.016149860192734566,0.0,0.01433722223002809,0.0,0.27024128767541333,0.0,0.8741353369899636,0.0,0.9999999355738469,0.0,0.9999999999922601,0.0,0.00045165488665077635,0.0,1.9344714324631695e-05,0.0,0.9999944135249091,0.0,0.2763051848955349,0.0,1.1673995103933521e-11,0.0,1.946356160686946e-06,0.0,0.20946071692635804
CPI,300,16.78186297416687,0.6626987865041682,1.0,0.030396075309310842,1.0,0.001827783912032013,1.0,0.0036580003305133556,1.0,0.0005134817907679812,1.0,0.02688711673786347,1.0,7.512456267541953e-05,1.0,0.0018870188913373608,1.0,0.00024490015900215394,1.0,0.005824474990120662,1.0,6.488823018995654e-05,0.0,0.7978629776140735,0.0,0.9912594408605855,0.0,0.1580413352530191,0.0,0.3777923038136326,0.0,0.8835006162650152,0.0,0.3842002924499545,0.0,0.27184545137781535,0.0,0.7603292838188076,0.0,0.20186399961715323,0.0,0.18787733829793274,0.0,0.6313726278801756,0.0,0.7451894784905945,0.0,0.2986033462701969,0.0,0.09393965007610416,0.0,0.5261042714269525,0.0,0.6496895949150727,0.0,0.052219300066621566,0.0,0.16451602890654782,0.0,0.5992122566899809,0.0,0.1859283155201894,0.0,0.23639625960906113,0.0,0.6638704719142646,0.0,0.438004818547106,0.0,0.10683592512812545,0.0,0.034428296809378034,0.0,0.65752530148602,0.0,0.055721522292032845,0.0,0.9315863723660881,0.0,0.834187101839929,0.0,0.16501610322021015,0.0,0.776211053775425,0.0,0.777175656555881,0.0,0.19521785787176055,0.0,0.8835303551924261,0.0,0.2649865110887326,0.0,0.12018142931947501,0.0,0.7582695623339466,0.0,0.7378771622205172,0.0,0.718131292493328,0.0,0.33513465008033116
CPI_sqrt,300,16.803205013275146,0.6626987865041682,1.0,0.2644192827936709,1.0,0.13585071545869426,1.0,0.1355499014898795,1.0,0.19030705651169666,1.0,0.15861336984774793,1.0,0.26131086142566673,1.0,0.3512346039579758,1.0,0.20588562631718893,1.0,0.1422727814753426,1.0,0.10595050867777372,0.0,0.5080010311022095,0.0,0.5165878495089061,0.0,0.4996712991364024,0.0,0.5094444323873865,0.0,0.5104305041017336,0.0,0.4915805999697782,0.0,0.4842327106290093,0.0,0.5294428090477526,0.0,0.4973631693387989,0.0,0.45560834924666305,0.0,0.5041595770945687,0.0,0.4978482660822687,0.0,0.4948547971405429,0.0,0.5017416640569324,0.0,0.492146960567847,0.0,0.4910407974834314,0.0,0.4388798936173684,0.0,0.49081887556378634,0.0,0.4548505962092678,0.0,0.5034504484915838,0.0,0.48521715339018956,0.0,0.497776370045753,0.0,0.4865861870722877,0.0,0.5122566189097079,0.0,0.5036726469418852,0.0,0.5142838170491072,0.0,0.4925304317960547,0.0,0.49261936827529373,0.0,0.4993946446469112,0.0,0.488352484352175,0.0,0.4899071318655649,0.0,0.49164507302826416,0.0,0.49693286511617,0.0,0.4949494152134638,0.0,0.5268792614193721,0.0,0.49915491638206577,0.0,0.5052785086862464,0.0,0.5015425627818866,0.0,0.49318303205103253,0.0,0.509700001127634
CPI_n,300,16.80648446083069,0.6626987865041682,1.0,0.07713440781966645,1.0,0.03788161487687143,1.0,0.1219033170444373,1.0,0.021892937052805903,1.0,0.042610814605579805,1.0,0.004560840694952548,1.0,0.113332801731312,1.0,0.011854472895472014,1.0,0.0006370927858781961,1.0,0.031977697328801014,0.0,0.40452624461040376,0.0,0.5306977531461469,0.0,0.4818838153219979,0.0,0.4042531306988689,0.0,0.5197964307279508,0.0,0.2784741544303128,0.0,0.5176586642332497,0.0,0.7411142174174066,0.0,0.5059566507382784,0.0,0.41343522503374186,0.0,0.4729297502209814,0.0,0.49405829107494453,0.0,0.45868211302850137,0.0,0.4583213674346465,0.0,0.6077315522855498,0.0,0.44240258760341905,0.0,0.21622373919775867,0.0,0.3997979155119366,0.0,0.4095145301751518,0.0,0.38448784539592523,0.0,0.3408225525129833,0.0,0.5296943067824309,0.0,0.4129836081295509,0.0,0.24604657648169637,0.0,0.44099356959044783,0.0,0.4656979935598373,0.0,0.5421382009132585,0.0,0.4720339616899814,0.0,0.5514844099453956,0.0,0.5042895941090039,0.0,0.5228158457046187,0.0,0.5650061821403654,0.0,0.5525327120211648,0.0,0.5771112489421206,0.0,0.5114689786008126,0.0,0.5479860778519431,0.0,0.5740681954553039,0.0,0.5303824939808375,0.0,0.6131382254482846,0.0,0.5266369266977644
CPI_bt,300,16.983235120773315,0.6626987865041682,1.0,4.459663382668562e-11,1.0,2.770696283064582e-14,1.0,1.954500445124853e-20,1.0,3.054381492122569e-06,1.0,2.0863800777303307e-24,1.0,2.1362781528238727e-21,1.0,1.6193967813166107e-06,1.0,1.858112479657417e-20,1.0,1.979137520867077e-17,1.0,8.267673641359852e-10,0.0,0.5366784590540477,0.0,0.3987289499866762,0.0,0.5551436581675988,0.0,0.5641250378315856,0.0,0.4918675597525507,0.0,0.4362637835010017,0.0,0.44357962010429286,0.0,0.6273435238385323,0.0,0.5469099086501648,0.0,0.656261594197032,0.0,0.5664421370639221,0.0,0.5661752316091166,0.0,0.4749275028159495,0.0,0.4541837010593681,0.0,0.4028406691654932,0.0,0.5598599782813933,0.0,0.3611090835345778,0.0,0.3355329351857932,0.0,0.5369536145891234,0.0,0.36478314327405487,0.0,0.3295015222963992,0.0,0.8269163782022403,0.0,0.24240319012553324,0.0,0.5411125926770343,0.0,0.5402495934540662,0.0,0.6196265982460892,0.0,0.4876975145294388,0.0,0.4530847269617699,0.0,0.6899160618603318,0.0,0.3204889651507925,0.0,0.78432086978303,0.0,0.45128089407835714,0.0,0.5349614871077583,0.0,0.5680072875310934,0.0,0.2555765338024729,0.0,0.48321297966813254,0.0,0.5147167121860806,0.0,0.5605475839122179,0.0,0.6379231456208094,0.0,0.6898256960751025
CPI_sqd,300,16.97568941116333,0.6626987865041682,1.0,0.0,1.0,1.4649753420525967e-82,1.0,2.676023804017406e-58,1.0,1.9427420104501376e-52,1.0,6.255362225503234e-169,1.0,2.0035134024199544e-122,1.0,7.116633260269329e-06,1.0,1.2294273281833806e-252,1.0,1.3744238732392601e-42,1.0,7.018654129755728e-132,0.0,1.0,0.0,3.356433353866975e-20,0.0,0.7296592713947871,0.0,1.0,0.0,1.0,0.0,1.0,0.0,0.9999999999999293,0.0,1.0,0.0,1.0,0.0,9.210417602102925e-107,0.0,1.0,0.0,1.0,0.0,1.0,0.0,0.4376145793651068,0.0,6.292160327237411e-77,0.0,7.404750069678962e-22,0.0,6.3433352220302965e-255,0.0,2.7480661428814375e-15,0.0,0.0006947261391106795,0.0,0.41793471507096136,0.0,3.860842804745997e-225,0.0,1.0,0.0,9.263945817450242e-10,0.0,1.311213242655457e-15,0.0,5.647999183434012e-51,0.0,1.0,0.0,1.4920172396378222e-34,0.0,1.0,0.0,4.0300030232263425e-06,0.0,1.0,0.0,1.0,0.0,0.9999999999607181,0.0,1.0,0.0,0.9999990826093901,0.0,2.6689816672523185e-26,0.0,0.999867492514539,0.0,1.0,0.0,6.432711595385569e-17,0.0,1.0,0.0,1.0
S-CPI,300,30.29017424583435,0.6626987865041682,1.0,0.003517514959517353,1.0,0.011530293685211657,1.0,0.015176530741586048,1.0,0.09176631776621014,1.0,0.001916221486991103,1.0,0.007063855419862104,1.0,0.0352976221784344,1.0,0.005590850528710301,1.0,0.04988897316688605,1.0,0.0048267949896079534,0.0,0.8227369850199608,0.0,0.7789169460820919,0.0,0.44935875569236594,0.0,0.4938678862129139,0.0,0.9790582422472146,0.0,0.11671400107612495,0.0,0.5060775556306144,0.0,0.7002860949779928,0.0,0.5584400812396402,0.0,0.17187225697358832,0.0,0.9875461316908297,0.0,0.7696320629381692,0.0,0.5304392652168062,0.0,0.6340529768052856,0.0,0.10793495545515985,0.0,0.4987044547752586,0.0,0.15511277824779418,0.0,0.3374930774443641,0.0,0.5876445542509852,0.0,0.04530280406973779,0.0,0.04037527100557042,0.0,0.7847495322103333,0.0,0.09359379575523696,0.0,0.6788934734014298,0.0,0.7812920601716798,0.0,0.8665771875856142,0.0,0.23615257549424584,0.0,0.9401202364609466,0.0,0.588185384631705,0.0,0.5553275698434467,0.0,0.7302621932985247,0.0,0.42713803141521145,0.0,0.7239612038116335,0.0,0.6459241943370853,0.0,0.8495031741194008,0.0,0.40635629554105074,0.0,0.936802249763065,0.0,0.6275425658052878,0.0,0.7327296401755732,0.0,0.9640115251908224
S-CPI_sqrt,300,30.42460060119629,0.6626987865041682,1.0,0.20990378354077716,1.0,0.17453543644897906,1.0,0.1677430913653712,1.0,0.23902066192806815,1.0,0.15556142169181097,1.0,0.15716806240263875,1.0,0.29400208221004975,1.0,0.1085339681523741,1.0,0.31840835543780577,1.0,0.11200930375874668,0.0,0.5075379583782882,0.0,0.5505529245249904,0.0,0.5015247165779032,0.0,0.5060853091824571,0.0,0.5149773654987122,0.0,0.484479333999409,0.0,0.48955696974860924,0.0,0.5283106761654657,0.0,0.4933196967758023,0.0,0.47734520078596987,0.0,0.5126905825425836,0.0,0.5119776176011219,0.0,0.4997826619794,0.0,0.4941675117767013,0.0,0.47654663077136955,0.0,0.4828855007961249,0.0,0.4852924443946701,0.0,0.4588104044700376,0.0,0.510991656165519,0.0,0.4972387086265874,0.0,0.4853596086892034,0.0,0.53689852197063,0.0,0.4830654034219855,0.0,0.47838997695292756,0.0,0.5049124512313914,0.0,0.5213980939376821,0.0,0.4810328420147507,0.0,0.5144370948351515,0.0,0.5047554357879485,0.0,0.5084551414503834,0.0,0.5152749285733248,0.0,0.4978104765585786,0.0,0.5069302010492567,0.0,0.5059950829951035,0.0,0.5177788727929633,0.0,0.4929575267229705,0.0,0.507517605801932,0.0,0.5010182392246509,0.0,0.515095071576959,0.0,0.5213644197778124
S-CPI_n,300,30.281893968582153,0.6626987865041682,1.0,0.010970748996449953,1.0,0.04157758229767716,1.0,0.04011201156967287,1.0,0.08835656267237368,1.0,0.012157276587213052,1.0,0.016351046180253542,1.0,0.2080255907065044,1.0,0.05644065323451979,1.0,0.03581149566152586,1.0,0.010293066303582588,0.0,0.5298671445975909,0.0,0.628487278067959,0.0,0.5314823333068988,0.0,0.6075854197273589,0.0,0.658164066072666,0.0,0.3828427512035348,0.0,0.4872301785873208,0.0,0.5443413052929454,0.0,0.4592317040194087,0.0,0.2819146300745219,0.0,0.6074835410748212,0.0,0.5040378804374424,0.0,0.521658790101136,0.0,0.49437573161975734,0.0,0.3867363404545663,0.0,0.38827928395570377,0.0,0.38156997755425187,0.0,0.41805447317044503,0.0,0.5262770501754246,0.0,0.4764080175983855,0.0,0.25687188889067325,0.0,0.7226445543524218,0.0,0.377020853451532,0.0,0.47341839706351213,0.0,0.5334730872674693,0.0,0.6863063738298241,0.0,0.41582506837663513,0.0,0.5738413592786077,0.0,0.520075710894408,0.0,0.4752975373645767,0.0,0.5901159424629319,0.0,0.5257879561132535,0.0,0.5869761071664574,0.0,0.5584147928284969,0.0,0.6025660253024503,0.0,0.49669070683544253,0.0,0.5554008311882337,0.0,0.5287573295467533,0.0,0.6161934787326875,0.0,0.6449979271930995
S-CPI_bt,300,30.464927673339844,0.6626987865041682,1.0,3.4664365522071913e-12,1.0,3.7835400447289094e-07,1.0,3.2695520395650224e-12,1.0,2.2695312453973617e-11,1.0,3.7055692673164784e-17,1.0,6.40298108283734e-12,1.0,0.00014061233013956686,1.0,2.5332398213109103e-12,1.0,3.253186382453129e-08,1.0,3.834931280793403e-14,0.0,0.4289555247730246,0.0,0.7136053426997048,0.0,0.5540765305218333,0.0,0.7147776564024522,0.0,0.6653793684399524,0.0,0.4004652341069713,0.0,0.5300039549538039,0.0,0.6090170449784844,0.0,0.5173346003465248,0.0,0.39094441737226016,0.0,0.6582731375671018,0.0,0.533776550259008,0.0,0.523288334850098,0.0,0.49882944792476563,0.0,0.3785304937560054,0.0,0.5727764641049747,0.0,0.40358701377650225,0.0,0.10939213493944788,0.0,0.7291466866768186,0.0,0.4704535372199999,0.0,0.2285650249125038,0.0,0.8562358661461824,0.0,0.28870533874936666,0.0,0.42490822640886594,0.0,0.6048783274681528,0.0,0.737317757877626,0.0,0.4370175485108609,0.0,0.6400311520856893,0.0,0.4504717353402226,0.0,0.5163400986455631,0.0,0.7628640745657037,0.0,0.4960468392914599,0.0,0.560794385958648,0.0,0.5418641418227833,0.0,0.6114283912120342,0.0,0.4983906446958078,0.0,0.5847509374296423,0.0,0.574797001099252,0.0,0.4833027798175431,0.0,0.7109870662494329
S-CPI_sqd,300,30.460043907165527,0.6626987865041682,1.0,7.909064394345558e-91,1.0,3.7790329670134665e-16,1.0,1.3134330824056567e-15,1.0,1.046780911142622e-12,1.0,1.124694036777521e-66,1.0,6.749805463859604e-77,1.0,4.665459207498461e-16,1.0,1.8918505599852514e-35,1.0,1.1157356689984375e-11,1.0,7.901852366665488e-36,0.0,0.9995078027339519,0.0,0.9962221272727243,0.0,0.999999999995844,0.0,0.9998830199664916,0.0,1.0,0.0,1.7274601168207843e-48,0.0,0.6729682515507488,0.0,0.9999999999999615,0.0,1.2221546761234013e-32,0.0,4.4180186935597316e-187,0.0,1.0,0.0,1.0,0.0,0.3784073925610797,0.0,2.3937402003596667e-14,0.0,1.203976420727195e-21,0.0,5.511636905296481e-17,0.0,1.4726690426005262e-43,0.0,0.0036102335634220434,0.0,0.9999991933991775,0.0,1.875049852807211e-68,0.0,0.0,0.0,1.0,0.0,0.0,0.0,6.3488017342264065e-58,0.0,0.813987280023065,0.0,1.0,0.0,9.982344360401442e-42,0.0,1.0,0.0,1.0,0.0,4.294721833843282e-19,0.0,1.0,0.0,0.1034196144081529,0.0,0.9999999957313876,0.0,1.0,0.0,1.0,0.0,2.5869582323563587e-06,0.0,1.0,0.0,0.16311633459324892,0.0,0.08339836745002777,0.0,1.0
S-CPI2,300,165.5169336795807,0.6626987865041682,1.0,0.009791566011733421,1.0,0.02467540186907935,1.0,0.020882247212561097,1.0,0.088573618390626,1.0,0.008394604609613485,1.0,0.005008608916586439,1.0,0.1403995422490632,1.0,0.01054345084119981,1.0,0.04030075766070871,1.0,0.009703313806744787,0.0,0.59014488355316,0.0,0.7347192950606857,0.0,0.6244876253894022,0.0,0.6556691740937248,0.0,0.9719190021280192,0.0,0.1660924774780413,0.0,0.463660050307403,0.0,0.7299471224166472,0.0,0.4307263521725154,0.0,0.22924909934395016,0.0,0.9307110315193263,0.0,0.7478006879748051,0.0,0.5450985399354679,0.0,0.2666027614293557,0.0,0.1536659302977495,0.0,0.31807737209373094,0.0,0.3154384318015411,0.0,0.4256541236433386,0.0,0.6515639659743644,0.0,0.3725827554106244,0.0,0.03404981505208027,0.0,0.9044904493103729,0.0,0.06913305560673035,0.0,0.37262544181097107,0.0,0.60761671584993,0.0,0.9357325452672349,0.0,0.28392362924669245,0.0,0.9714715954390933,0.0,0.6217443337823804,0.0,0.3987781512206448,0.0,0.6920350562382127,0.0,0.4207195042801681,0.0,0.6943928029185865,0.0,0.6632192266756354,0.0,0.7562478777548458,0.0,0.40278723387418214,0.0,0.8948383892861347,0.0,0.5811559168595469,0.0,0.7166067704356712,0.0,0.978041401064187
S-CPI2_sqrt,300,166.52102398872375,0.6626987865041682,1.0,0.21903985107713686,1.0,0.22299823618141468,1.0,0.18795557318483647,1.0,0.27241827947824304,1.0,0.18038202276230902,1.0,0.1978183981188425,1.0,0.3301137437433309,1.0,0.14754431849349292,1.0,0.21331246172258284,1.0,0.16583573103813154,0.0,0.5003003778408944,0.0,0.5238665977407129,0.0,0.5028102509906642,0.0,0.5126877770115249,0.0,0.520606631026785,0.0,0.4888427427035578,0.0,0.49788307498103085,0.0,0.5237423512229178,0.0,0.49957275604660406,0.0,0.46721628953304184,0.0,0.5166421209084239,0.0,0.5066988781943426,0.0,0.5030459455077192,0.0,0.49622058782499007,0.0,0.4866064719011895,0.0,0.48949918288057387,0.0,0.46364491411736874,0.0,0.48161955494987746,0.0,0.5344978406383383,0.0,0.49040997712912854,0.0,0.4717633795410055,0.0,0.5378602129507081,0.0,0.47814445125737215,0.0,0.4931879090310262,0.0,0.5018594234342622,0.0,0.5180793492049842,0.0,0.4892971185819032,0.0,0.5154946129430809,0.0,0.507012360691458,0.0,0.4992947917209496,0.0,0.522890380697117,0.0,0.5010372070617221,0.0,0.5059959569177859,0.0,0.5098246610889682,0.0,0.5221330976942382,0.0,0.49827120210376563,0.0,0.5084158757842718,0.0,0.5070772532778043,0.0,0.5185867733422127,0.0,0.5234537778979852
S-CPI2_n,300,165.1408326625824,0.6626987865041682,1.0,0.018611679576603053,1.0,0.05437524439727765,1.0,0.028289823383269123,1.0,0.1305858361352994,1.0,0.01270059949219451,1.0,0.011303224958281396,1.0,0.14839016433646585,1.0,0.0247379020755286,1.0,0.06262506815583076,1.0,0.023870062629476246,0.0,0.5052351887945384,0.0,0.6336953185782177,0.0,0.5154276860687669,0.0,0.5989687951466895,0.0,0.655498900966779,0.0,0.3803406511015506,0.0,0.4834300551280426,0.0,0.641809932414216,0.0,0.4879456850503784,0.0,0.33561667199746126,0.0,0.6330947777811335,0.0,0.5497475548240861,0.0,0.5154746295128853,0.0,0.4792657325897859,0.0,0.38099972096469625,0.0,0.4241076082205587,0.0,0.37366180097346385,0.0,0.4263858231631009,0.0,0.6097839019920969,0.0,0.4740391758630741,0.0,0.30318494157321585,0.0,0.6703777491538777,0.0,0.33425944318308953,0.0,0.48544591547947225,0.0,0.5362501792306595,0.0,0.6528371636450117,0.0,0.444139472741353,0.0,0.6222532852105794,0.0,0.5637696312598756,0.0,0.49749306655222697,0.0,0.6030219317070484,0.0,0.5041590853737001,0.0,0.5272011270396545,0.0,0.5710580121073496,0.0,0.6392724314345637,0.0,0.4714312697706973,0.0,0.5703348617481141,0.0,0.5507943171256054,0.0,0.599791457188703,0.0,0.682810647768642
S-CPI2_bt,300,168.14788269996643,0.6626987865041682,1.0,1.1600275553265555e-11,1.0,3.825535692545698e-09,1.0,3.31631187642272e-10,1.0,1.1198681686851956e-07,1.0,1.8369916244503257e-17,1.0,1.6962564966613087e-14,1.0,0.007403272169861592,1.0,7.129240810981074e-14,1.0,2.067574637853974e-06,1.0,3.3589782902076936e-15,0.0,0.5159721649820779,0.0,0.7455950749725744,0.0,0.5305852405267478,0.0,0.6521187154435104,0.0,0.6892524194522466,0.0,0.385568951218657,0.0,0.5124842250761801,0.0,0.7096978503407079,0.0,0.4651255179688926,0.0,0.2289149763153886,0.0,0.6640810094944818,0.0,0.5585562139006677,0.0,0.5196477012903616,0.0,0.4688018640131266,0.0,0.35086628236268164,0.0,0.414775282935021,0.0,0.18518969591611428,0.0,0.3319513161474848,0.0,0.6879697793616908,0.0,0.4541643858562668,0.0,0.24137910698581316,0.0,0.8306938115718198,0.0,0.30200747831211483,0.0,0.40858912358388183,0.0,0.5404719602998382,0.0,0.7159351482522842,0.0,0.3988304819137472,0.0,0.6343806714372155,0.0,0.5548761286981703,0.0,0.48329664690966134,0.0,0.7232660577967929,0.0,0.4963185519455426,0.0,0.5479832483633728,0.0,0.5613303975477676,0.0,0.7069519549088463,0.0,0.485109296852951,0.0,0.5807980943987806,0.0,0.5332991479516387,0.0,0.6383713815728025,0.0,0.7394783990709343
S-CPI2_sqd,300,165.10828685760498,0.6626987865041682,1.0,2.543751432178535e-140,1.0,9.31049164890426e-24,1.0,2.4172700763678415e-31,1.0,2.6520497099993162e-09,1.0,5.665798713380022e-100,1.0,8.236631356265101e-83,1.0,4.048929203854902e-19,1.0,2.212914906093023e-59,1.0,3.785893163673696e-12,1.0,4.5128580617686115e-17,0.0,1.0,0.0,1.0,0.0,0.9961735085211502,0.0,1.0,0.0,1.0,0.0,1.6946599992041211e-130,0.0,0.9905257518551307,0.0,1.0,0.0,6.407114510108683e-11,0.0,1.0458890274782723e-97,0.0,1.0,0.0,1.0,0.0,0.9999885893025339,0.0,0.0002739198428550612,0.0,1.6567209903707054e-194,0.0,1.5466082410147594e-53,0.0,2.1250913123852303e-63,0.0,7.764471426833108e-08,0.0,0.9969994361683994,0.0,8.558502645627789e-08,0.0,0.0,0.0,1.0,0.0,1.4575905588967204e-283,0.0,0.007111804959557177,0.0,0.9999999999999949,0.0,1.0,0.0,1.2890560498577542e-46,0.0,1.0,0.0,1.0,0.0,1.0729378109753382e-06,0.0,1.0,0.0,0.9529815958402866,0.0,1.0,0.0,1.0,0.0,1.0,0.0,0.003293253059796916,0.0,1.0,0.0,1.0,0.0,1.0,0.0,1.0
LOCO,300,590.7411091327667,0.6626987865041682,1.0,0.07805531328343947,1.0,0.28684739843639706,1.0,0.03360631199965521,1.0,0.025964958887324748,1.0,0.17010471406024114,1.0,0.018090044829859316,1.0,0.6077178328319371,1.0,0.018902894207439028,1.0,0.1757345837109025,1.0,0.09216547075885595,0.0,0.7773713279682206,0.0,0.8846011901532786,0.0,0.8330282243451155,0.0,0.84807412736769,0.0,0.781225928793009,0.0,0.497182743026156,0.0,0.9899731434655552,0.0,0.9811310765874374,0.0,0.9647347819515496,0.0,0.9373213048417117,0.0,0.9750229049370276,0.0,0.7481127831532526,0.0,0.19358584143103602,0.0,0.43496235914453263,0.0,0.9767946755642126,0.0,0.6616829561189508,0.0,0.977125453311098,0.0,0.8350047685070099,0.0,0.9035365363844483,0.0,0.9683756229719797,0.0,0.6754924783271814,0.0,0.8705468571956583,0.0,0.9451560645314186,0.0,0.2650669964498885,0.0,0.9627072884873447,0.0,0.942466655006823,0.0,0.9487095080050391,0.0,0.9068071227998747,0.0,0.8567303212334496,0.0,0.8407045514202613,0.0,0.967436610361793,0.0,0.7383026567564052,0.0,0.9347594492973275,0.0,0.7606562873106173,0.0,0.8217726938241341,0.0,0.8866171151275153,0.0,0.9804352263884691,0.0,0.7231574801947203,0.0,0.5976237454680116,0.0,0.9849341267617523
LOCO_sqrt,300,590.6378722190857,0.6626987865041682,1.0,0.266983367541915,1.0,0.3922299623683344,1.0,0.1629965261559877,1.0,0.1764066586843936,1.0,0.32212729938369733,1.0,0.2150779292917514,1.0,0.5491634984948602,1.0,0.17946670390763342,1.0,0.3024842916615008,1.0,0.2609385226877128,0.0,0.5416527914878252,0.0,0.5823078582061926,0.0,0.5576300953489999,0.0,0.6083931340243731,0.0,0.5524142360715787,0.0,0.49956620832272797,0.0,0.7110671759324165,0.0,0.6615399543867309,0.0,0.6192615069165095,0.0,0.6776337786927944,0.0,0.5743613603060758,0.0,0.5559521375148885,0.0,0.4423842593966454,0.0,0.49024280377875484,0.0,0.7113278178633939,0.0,0.5359593990669992,0.0,0.6865763383211322,0.0,0.5970857338789647,0.0,0.6561257431257573,0.0,0.6887171959124458,0.0,0.5422021743656074,0.0,0.5684951426756693,0.0,0.5963850071778164,0.0,0.42720144581921915,0.0,0.7020706489526574,0.0,0.645804930541392,0.0,0.6373829192100096,0.0,0.6407367799326841,0.0,0.6270442261019258,0.0,0.5584818450433963,0.0,0.7126994643407862,0.0,0.5365682596781615,0.0,0.5868058127332755,0.0,0.5619906129846507,0.0,0.5748109308998792,0.0,0.5380617650108622,0.0,0.5774952442484182,0.0,0.5433850841957663,0.0,0.5314258610366822,0.0,0.6832269759026218
LOCO_n,300,590.6485249996185,0.6626987865041682,1.0,0.10571783068565094,1.0,0.3063525002603068,1.0,0.046715022852904915,1.0,0.04065938976952929,1.0,0.19559804217843135,1.0,0.03723931855996178,1.0,0.595761356593508,1.0,0.03341846649902614,1.0,0.1951217642542578,1.0,0.11649999764987296,0.0,0.6768045648633987,0.0,0.7874404071729101,0.0,0.727393938006007,0.0,0.7875581709010921,0.0,0.6957495117080237,0.0,0.4982159866482361,0.0,0.9592261696366301,0.0,0.9282595313786524,0.0,0.8825345016220725,0.0,0.8908551074550988,0.0,0.8368962049688222,0.0,0.6840715411766726,0.0,0.2851556036911068,0.0,0.4592479681177125,0.0,0.9413954128848424,0.0,0.618619016374862,0.0,0.9337871866018381,0.0,0.7710465971679065,0.0,0.8539038191770738,0.0,0.9246751712570931,0.0,0.6322507625697436,0.0,0.7619551837829766,0.0,0.8434680569912696,0.0,0.3084833123493044,0.0,0.9232953086459809,0.0,0.8804275398518934,0.0,0.8808755183834831,0.0,0.8488411561033364,0.0,0.8047152617035016,0.0,0.7323032661342479,0.0,0.9313938744809045,0.0,0.65251378475696,0.0,0.8245110075612203,0.0,0.697031596454314,0.0,0.7434622886784964,0.0,0.7062679066271902,0.0,0.8479961321780524,0.0,0.6567366860551263,0.0,0.5799597941684401,0.0,0.9427296022189966
LOCO_bt,300,590.8931083679199,0.6626987865041682,1.0,3.7135683534960744e-06,1.0,0.034501264127079385,1.0,4.704217821685072e-09,1.0,7.801793172742407e-10,1.0,0.007407484836446228,1.0,1.1080413022995452e-08,1.0,0.800108697615486,1.0,2.9375418611608543e-09,1.0,0.002752087693014338,1.0,0.0012280991807547077,0.0,0.8623120864359859,0.0,0.9856621820864426,0.0,0.9339278416773339,0.0,0.9958577938519879,0.0,0.91401866201047,0.0,0.495402352971695,0.0,0.9999999907502619,0.0,0.9999800005522974,0.0,0.9993546686286513,0.0,0.9999978818784829,0.0,0.9720606084433038,0.0,0.9240922101363889,0.0,0.06362479543013896,0.0,0.4002278026183612,0.0,0.99999998185925,0.0,0.8152863410572346,0.0,0.9999995533480481,0.0,0.993038788816745,0.0,0.9999844786561602,0.0,0.9999987576180414,0.0,0.8571624469987801,0.0,0.9658400670460279,0.0,0.9938534246356223,0.0,0.038783776254162274,0.0,0.9999999043286423,0.0,0.9999485667226632,0.0,0.9998660786597532,0.0,0.9998527983151846,0.0,0.9983659511286094,0.0,0.9346667805290009,0.0,0.9999999073845308,0.0,0.8329026730556444,0.0,0.9885188043902036,0.0,0.9349424743478969,0.0,0.9724653381713249,0.0,0.8337921335106442,0.0,0.977169611049829,0.0,0.866769597107695,0.0,0.7520845227610303,0.0,0.9999992567264919
LOCO_sqd,300,590.8157684803009,0.6626987865041682,1.0,8.021170791382893e-18,1.0,0.015567028614569075,1.0,2.7896469868614826e-14,1.0,2.360910039533724e-22,1.0,4.803401333791148e-05,1.0,1.3725925698413702e-33,1.0,0.9032345068292629,1.0,7.680538602225658e-48,1.0,0.008793305137165214,1.0,4.6083141118521765e-08,0.0,1.0,0.0,1.0,0.0,1.0,0.0,1.0,0.0,1.0,0.0,0.4469747287963595,0.0,1.0,0.0,1.0,0.0,1.0,0.0,1.0,0.0,1.0,0.0,1.0,0.0,7.445224057505731e-33,0.0,0.001832609057737942,0.0,1.0,0.0,0.9999999999863698,0.0,1.0,0.0,1.0,0.0,1.0,0.0,1.0,0.0,0.9999999999357215,0.0,1.0,0.0,1.0,0.0,5.319390142573937e-10,0.0,1.0,0.0,1.0,0.0,1.0,0.0,1.0,0.0,1.0,0.0,1.0,0.0,1.0,0.0,1.0,0.0,1.0,0.0,1.0,0.0,1.0,0.0,1.0,0.0,1.0,0.0,1.0,0.0,0.9896194127918503,0.0,1.0
S-CPI_ST,300,16.810709714889526,0.6626987865041682,1.0,0.0020825570079122217,1.0,0.007433376472813117,1.0,0.0020825570079122217,1.0,0.036274766096230884,1.0,0.036274766096230884,1.0,0.2992058591167596,1.0,0.0004863803539756835,1.0,0.17141655971039418,1.0,0.17141655971039418,1.0,0.05667217702171029,0.0,0.37601660079929766,0.0,0.8285834402896058,0.0,0.8769467751418607,0.0,0.8285834402896058,0.0,0.9868491674344388,0.0,0.036274766096230884,0.0,0.4580644385056446,0.0,0.9637252339037691,0.0,0.4580644385056446,0.0,0.7696037636405133,0.0,0.8285834402896058,0.0,0.6239833992007023,0.0,0.8769467751418607,0.0,0.12305322485813928,0.0,0.37601660079929766,0.0,0.23039623635948664,0.0,0.4580644385056446,0.0,0.5419355614943554,0.0,0.23039623635948664,0.0,0.2992058591167596,0.0,0.6239833992007023,0.0,0.8285834402896058,0.0,0.12305322485813928,0.0,0.37601660079929766,0.0,0.9637252339037691,0.0,0.9637252339037691,0.0,0.9148788024769632,0.0,0.8285834402896058,0.0,0.9637252339037691,0.0,0.2992058591167596,0.0,0.37601660079929766,0.0,0.4580644385056446,0.0,0.7007941408832403,0.0,0.9148788024769632,0.0,0.7007941408832403,0.0,0.8285834402896058,0.0,0.9148788024769632,0.0,0.7007941408832403,0.0,0.4580644385056446,0.0,0.8769467751418607
S-CPI_Wilcox,300,16.881742000579834,0.6626987865041682,1.0,0.10868880855422752,1.0,0.04305299220041195,1.0,0.012703452112247021,1.0,0.16560310470253314,1.0,0.0029056875980722537,1.0,0.0757226495037782,1.0,0.283195186224951,1.0,0.09909623607016421,1.0,0.06634760392382648,1.0,0.011156441588874891,0.0,0.7523853457174354,0.0,0.757445798945015,0.0,0.8536692231320478,0.0,0.5882231528475266,0.0,0.6219632829150773,0.0,0.5138708893691968,0.0,0.6474505630281081,0.0,0.8803880709292695,0.0,0.5791506331369727,0.0,0.5319911229328256,0.0,0.993355851439911,0.0,0.8765137460860226,0.0,0.7404388888630484,0.0,0.2608354888398977,0.0,0.09784098646077444,0.0,0.45857618654898324,0.0,0.1778186745952981,0.0,0.7181651402420682,0.0,0.2517701000420753,0.0,0.5040129812711334,0.0,0.012184731188645487,0.0,0.8157520768588051,0.0,0.38064451306285174,0.0,0.4078776294967372,0.0,0.5248925371806863,0.0,0.9971533520645898,0.0,0.0942172028508555,0.0,0.9922205066099478,0.0,0.9649693048143335,0.0,0.10591395477556337,0.0,0.690438861017332,0.0,0.38025812956534033,0.0,0.8803880709292695,0.0,0.8183215857291977,0.0,0.44064544908022374,0.0,0.878774329499628,0.0,0.7925693875564025,0.0,0.8432569358044297,0.0,0.6758702835196048,0.0,0.8296633996621601
LOCO_ST,300,590.6888439655304,0.6626987865041682,1.0,0.7696037636405133,1.0,0.7007941408832403,1.0,0.08512119752303683,1.0,0.036274766096230884,1.0,0.12305322485813928,1.0,0.05667217702171029,1.0,0.17141655971039418,1.0,0.013150832565561134,1.0,0.08512119752303683,1.0,0.007433376472813117,0.0,0.9868491674344388,0.0,0.9637252339037691,0.0,0.9637252339037691,0.0,0.7696037636405133,0.0,0.7696037636405133,0.0,0.7696037636405133,0.0,0.9868491674344388,0.0,0.977701237686042,0.0,0.977701237686042,0.0,0.8285834402896058,0.0,0.7007941408832403,0.0,0.8285834402896058,0.0,0.05667217702171029,0.0,0.8769467751418607,0.0,0.8285834402896058,0.0,0.7696037636405133,0.0,0.7007941408832403,0.0,0.9148788024769632,0.0,0.7696037636405133,0.0,0.8285834402896058,0.0,0.6239833992007023,0.0,0.7696037636405133,0.0,0.9868491674344388,0.0,0.12305322485813928,0.0,0.977701237686042,0.0,0.977701237686042,0.0,0.6239833992007023,0.0,0.8769467751418607,0.0,0.8769467751418607,0.0,0.8769467751418607,0.0,0.9637252339037691,0.0,0.9925666235271868,0.0,0.7696037636405133,0.0,0.9148788024769632,0.0,0.9148788024769632,0.0,0.9959770359333875,0.0,0.8285834402896058,0.0,0.9148788024769632,0.0,0.5419355614943554,0.0,0.9637252339037691
LOCO_Wilcox,300,590.6888439655304,0.6626987865041682,1.0,0.1940463996202061,1.0,0.508827987097538,1.0,0.046882184271336794,1.0,0.025619230544272845,1.0,0.1303748322382649,1.0,0.03137519081204257,1.0,0.3503920314186937,1.0,0.005787141834064766,1.0,0.15965836369565856,1.0,0.03684529701142338,0.0,0.9486187224378808,0.0,0.9631547029885766,0.0,0.8653124056553954,0.0,0.8168214620739437,0.0,0.5647247976458448,0.0,0.4543513134740925,0.0,0.9844067672902264,0.0,0.9890324772501692,0.0,0.9634778146213182,0.0,0.8730058891916623,0.0,0.931459971303902,0.0,0.7002401681681502,0.0,0.16459553953205247,0.0,0.8070577410529038,0.0,0.9325167269031254,0.0,0.7394914492787913,0.0,0.8978639374481812,0.0,0.8626782592546862,0.0,0.810347072267487,0.0,0.8617924439712887,0.0,0.5694721511448997,0.0,0.7561859600078613,0.0,0.9705622506760158,0.0,0.1996246244266383,0.0,0.9901424883913968,0.0,0.9014038669884735,0.0,0.6673278843097435,0.0,0.8136016801522921,0.0,0.9183726233340892,0.0,0.8508587483355077,0.0,0.9762417232086381,0.0,0.921366986016318,0.0,0.8600091472462685,0.0,0.829350667449105,0.0,0.8363997284623577,0.0,0.9788192394578085,0.0,0.9804028193691017,0.0,0.8527200689654075,0.0,0.5883547171352627,0.0,0.9775616774587714
Semi_KO_ST,300,46.604668378829956,0.7773602362417138,1.0,0.9837546230189789,1.0,0.3017028589360689,1.0,0.19325491355636926,1.0,0.26272099771177687,1.0,0.7372790022882232,1.0,0.5687364536522668,1.0,0.16317699596252302,1.0,0.6982971410639311,1.0,0.07439627887051543,1.0,0.03665597629942343,0.0,0.4312635463477333,0.0,0.8067450864436307,0.0,0.9837546230189789,0.0,0.3017028589360689,0.0,0.9079417138040071,0.0,0.9079417138040071,0.0,0.9717171743728545,0.0,0.6569122883943059,0.0,0.4312635463477333,0.0,0.4312635463477333,0.0,0.9405568316259011,0.0,0.9879090087633686,0.0,0.5230137572095168,0.0,0.9256037211294845,0.0,0.9999808544266565,0.0,0.9784357503613892,0.0,0.7372790022882232,0.0,0.47698624279048324,0.0,0.47698624279048324,0.0,0.9935440821822551,0.0,0.773512142528752,0.0,0.836823004037477,0.0,0.22648785747124797,0.0,0.9977056439632266,0.0,0.9633440237005766,0.0,0.773512142528752,0.0,0.4312635463477333,0.0,0.9989194306293796,0.0,0.22648785747124797,0.0,0.19325491355636926,0.0,0.38644327154530145,0.0,0.008889670457131127,0.0,0.9984153663992497,0.0,0.9530481495405903,0.0,0.9935440821822551,0.0,0.773512142528752,0.0,0.9995165769927825,0.0,0.9530481495405903,0.0,0.7372790022882232,0.0,0.9717171743728545
Semi_KO_Wilcox,300,46.71589231491089,0.7773602362417138,1.0,0.47163701094149885,1.0,0.3818666361702395,1.0,0.031113675983867828,1.0,0.0021258730695350035,1.0,0.32675984781358347,1.0,0.39922188074875437,1.0,0.05443139649339351,1.0,0.6122878187977704,1.0,0.016231846055865893,1.0,0.5442139240509841,0.0,0.17098213736548445,0.0,0.5939829751551068,0.0,0.7241150619287602,0.0,0.7055457791323311,0.0,0.18014411269019925,0.0,0.06242195841164522,0.0,0.16582143821635453,0.0,0.9139133850200825,0.0,0.8966772551826105,0.0,0.6221840903321278,0.0,0.34520797443930296,0.0,0.8593513032860167,0.0,0.3889863778769589,0.0,0.3690756589109858,0.0,0.2573177824446287,0.0,0.7234010827550991,0.0,0.11826437371949677,0.0,0.4157409344798034,0.0,0.9112719025841438,0.0,0.662084556203301,0.0,0.061196695930577256,0.0,0.8041464541592693,0.0,0.6801660166735986,0.0,0.40462387687840656,0.0,0.4596370616187151,0.0,0.5085314514935955,0.0,0.20955095309567573,0.0,0.6855054866255141,0.0,0.8206136109952731,0.0,0.8420277372971352,0.0,0.2105093084496641,0.0,0.18697175037136737,0.0,0.14254473019126945,0.0,0.9994439525266037,0.0,0.14709574506295253,0.0,0.0562149476092943,0.0,0.6997357826770974,0.0,0.870826294510164,0.0,0.6696340504402231,0.0,0.568843704381259
dCRT,300,836.093165397644,0.5615723012311611,1.0,9.086192434667266e-05,1.0,0.015233588519431358,1.0,9.768042912793828e-06,1.0,0.010978626366522463,1.0,0.003539402143535841,1.0,0.06245296535291829,1.0,0.0014775205968545657,1.0,2.4119382263717913e-05,1.0,0.5970023959022546,1.0,0.3016751838656233,0.0,0.4880186022188179,0.0,0.2738177930005228,0.0,0.41599640661216897,0.0,0.4812882842894205,0.0,0.4131876169814952,0.0,0.7210320828180099,0.0,0.25170489855845024,0.0,0.4688342660606919,0.0,0.9514263482225672,0.0,0.6907010956438111,0.0,0.14254702560334775,0.0,0.8589731834459386,0.0,0.5945359950471795,0.0,0.1065194157508591,0.0,0.9904972877543596,0.0,0.8713543463931297,0.0,0.49319866152011294,0.0,0.47075239643303346,0.0,0.06011079905670899,0.0,0.12774399898086966,0.0,0.023631952754415674,0.0,0.4346673113734061,0.0,0.8827491708364569,0.0,0.5323914112085599,0.0,0.22039536406219762,0.0,0.0904438018170933,0.0,0.8409895104736939,0.0,0.8176067057104656,0.0,0.8016663729511161,0.0,0.6124379420699366,0.0,0.8520029386717181,0.0,0.12044106118839903,0.0,0.7185725306243202,0.0,0.09770618438691935,0.0,0.6411617047841097,0.0,0.7436829727812614,0.0,0.034530188544602415,0.0,0.9903508767352848,0.0,0.6482727076235554,0.0,0.45948294825398805
HRT,300,3214.011628627777,0.6626987865041682,1.0,0.0,1.0,0.0,1.0,0.0,1.0,0.0,1.0,0.0,1.0,0.0,1.0,0.0009523809523809524,1.0,0.0,1.0,0.0,1.0,0.0,0.0,0.49952380952380954,0.0,0.6519047619047619,0.0,0.6090476190476191,0.0,0.66,0.0,0.9566666666666667,0.0,0.1880952380952381,0.0,0.4276190476190476,0.0,0.62,0.0,0.38857142857142857,0.0,0.1380952380952381,0.0,0.9047619047619048,0.0,0.6938095238095238,0.0,0.5328571428571428,0.0,0.33,0.0,0.20904761904761904,0.0,0.2652380952380952,0.0,0.14809523809523809,0.0,0.2319047619047619,0.0,0.2795238095238095,0.0,0.33380952380952383,0.0,0.05238095238095238,0.0,0.8666666666666667,0.0,0.04238095238095238,0.0,0.24285714285714285,0.0,0.4857142857142857,0.0,0.9057142857142857,0.0,0.21619047619047618,0.0,0.8704761904761905,0.0,0.44142857142857145,0.0,0.42904761904761907,0.0,0.6114285714285714,0.0,0.46476190476190476,0.0,0.6057142857142858,0.0,0.6104761904761905,0.0,0.6919047619047619,0.0,0.36333333333333334,0.0,0.9138095238095238,0.0,0.6095238095238096,0.0,0.5638095238095238,0.0,0.919047619047619
Semi_KO_ST_perm5,300,119.23581147193909,0.7773602362417138,1.0,0.18308073331120356,1.0,0.7571352299857042,1.0,0.029706862833027165,1.0,0.18308073331120356,1.0,0.05188960154453814,1.0,0.15697305650439397,1.0,0.8302948852527114,1.0,0.24286477001429582,1.0,0.008155388918288965,1.0,0.04180404897927872,0.0,0.7061583828740978,0.0,0.9999615177298584,0.0,0.9971429169888489,0.0,0.9998653080701807,0.0,0.9947203722666442,0.0,0.9987456650927979,0.0,0.9918446110817111,0.0,0.5717100488629692,0.0,0.611796441065671,0.0,0.6507255440314574,0.0,0.9971429169888489,0.0,0.9998653080701807,0.0,0.1970950239757143,0.0,0.9999873757219145,0.0,0.9997049344417359,0.0,0.9144253841587039,0.0,0.6314295729411544,0.0,0.2938416171259022,0.0,0.6881301569033151,0.0,0.9999985574842498,0.0,0.6696396687281521,0.0,0.9361813219042656,0.0,0.330360331271848,0.0,0.8029049760242857,0.0,0.9999841417209919,0.0,0.10289682200842357,0.0,0.5717100488629692,0.0,0.999940970891931,0.0,0.21173938492895614,0.0,0.388203558934329,0.0,0.9947203722666442,0.0,0.27631088490726785,0.0,0.999999923618398,0.0,0.7236891150927321,0.0,0.9999999757522036,0.0,0.4081265759784428,0.0,0.9361813219042656,0.0,0.9997565398766534,0.0,0.9294664689736176,0.0,0.9994826309918597
Semi_KO_Wilcox_perm5,300,119.56205153465271,0.7773602362417138,1.0,0.03537864461155222,1.0,0.13036090830143332,1.0,0.00779967491415057,1.0,0.08228854625614185,1.0,0.03719996310506078,1.0,0.22709733078283706,1.0,0.22280806658959867,1.0,0.48877900324848783,1.0,0.33166916173508243,1.0,0.08135130017403186,0.0,0.43270221768356887,0.0,0.5285390997352141,0.0,0.31131173275573376,0.0,0.5103785322070749,0.0,0.9143320290715026,0.0,0.703457317144318,0.0,0.10831316092896492,0.0,0.5708808742854167,0.0,0.00881262378583246,0.0,0.8780940573955721,0.0,0.8939833371822126,0.0,0.41140339219129635,0.0,0.5443227998203122,0.0,0.4581671074376792,0.0,0.8854498890471902,0.0,0.1255513201294055,0.0,0.6758869484969521,0.0,0.1633565669424309,0.0,0.9537958377512017,0.0,0.31859003469996955,0.0,0.9665068141406696,0.0,0.44291874354429794,0.0,0.9928828131021425,0.0,0.9164552759985694,0.0,0.8802491631951515,0.0,0.7463101076721289,0.0,0.6974699998646885,0.0,0.9818842319518046,0.0,0.03289359824465445,0.0,0.05067250251522069,0.0,0.10692476215037938,0.0,0.49992867069939423,0.0,0.09853882324535151,0.0,0.3399055679971441,0.0,0.6504178298368586,0.0,0.42713102025406147,0.0,0.16234130319234275,0.0,0.21497436229555172,0.0,0.3976505630421189,0.0,0.3712995441480711
Semi_KO_ST_perm10,300,210.34175539016724,0.7773602362417138,1.0,0.9087046070922845,1.0,0.10387393292896006,1.0,0.6079016799728794,1.0,0.4204172190081192,1.0,0.010198217742254462,1.0,0.11061501889723298,1.0,0.6218595590818952,1.0,0.03827413870151278,1.0,0.079882946940756,1.0,0.03827413870151278,0.0,0.5938035676511162,0.0,0.9999999568753787,0.0,0.99999998987087,0.0,0.9999999999567398,0.0,0.9999856072018876,0.0,0.9999977318538783,0.0,0.9999831054582554,0.0,0.9351670012100595,0.0,0.6889724836233356,0.0,0.6218595590818952,0.0,0.9999984060174533,0.0,0.9999925154720802,0.0,0.6218595590818952,0.0,0.9999999713047584,0.0,0.999993664611839,0.0,0.9999999999999716,0.0,0.8509868523251739,0.0,0.8749749455839024,0.0,0.6218595590818952,0.0,0.9999999990869726,0.0,0.2982450835464518,0.0,0.5072830492578977,0.0,0.9552488324897286,0.0,0.6759579555097222,0.0,0.9999999933825314,0.0,0.1758944808768732,0.0,0.6889724836233356,0.0,0.9999999874928662,0.0,0.5072830492578977,0.0,0.9439091162570424,0.0,0.36433980763073304,0.0,0.3372752306703145,0.0,0.9999999999873861,0.0,0.43474264021802417,0.0,0.9999999998867796,0.0,0.9617258612984873,0.0,0.9999999999972486,0.0,0.9995259722291121,0.0,0.6627247693296855,0.0,0.9999999999108077
Semi_KO_Wilcox_perm10,300,210.59216856956482,0.7773602362417138,1.0,0.18409613731000257,1.0,0.18023477304431174,1.0,0.17161210344388794,1.0,0.0672396818218527,1.0,0.008631365118127985,1.0,0.04342812472086662,1.0,0.00013464963673837915,1.0,0.0023777534594883873,1.0,0.0024873666831997892,1.0,0.6578835255230924,0.0,0.17694391815607635,0.0,0.36060951623771914,0.0,0.7316573716389978,0.0,0.2657865834808739,0.0,0.03406128920367392,0.0,0.2981417017838425,0.0,0.5971555613844051,0.0,0.30454211014355825,0.0,0.726858149344538,0.0,0.6052403617428593,0.0,0.3237818153716825,0.0,0.6389988416767971,0.0,0.09587130541112415,0.0,0.2994079108742428,0.0,0.791001397982396,0.0,0.42206614410624677,0.0,0.4316418490115541,0.0,0.32494091996955554,0.0,0.9462018488644539,0.0,0.3877641601081655,0.0,0.8031865599905447,0.0,0.983813680830942,0.0,0.8972598117046651,0.0,0.25017320871337084,0.0,0.5421795693766427,0.0,0.891015613496827,0.0,0.9337776163861,0.0,0.8687547523018802,0.0,0.6502815962638823,0.0,0.18100517161416696,0.0,0.5802303182269979,0.0,0.627130616359767,0.0,0.9913609193764117,0.0,0.3150151491349982,0.0,0.7200187273550522,0.0,0.5120893415949361,0.0,0.4555991122417832,0.0,0.7855751043617285,0.0,0.8345767560128006,0.0,0.027958012739578958
