method,n,tr_time,r2_test,tr_V0,pval0,tr_V1,pval1,tr_V2,pval2,tr_V3,pval3,tr_V4,pval4,tr_V5,pval5,tr_V6,pval6,tr_V7,pval7,tr_V8,pval8,tr_V9,pval9,tr_V10,pval10,tr_V11,pval11,tr_V12,pval12,tr_V13,pval13,tr_V14,pval14,tr_V15,pval15,tr_V16,pval16,tr_V17,pval17,tr_V18,pval18,tr_V19,pval19,tr_V20,pval20,tr_V21,pval21,tr_V22,pval22,tr_V23,pval23,tr_V24,pval24,tr_V25,pval25,tr_V26,pval26,tr_V27,pval27,tr_V28,pval28,tr_V29,pval29,tr_V30,pval30,tr_V31,pval31,tr_V32,pval32,tr_V33,pval33,tr_V34,pval34,tr_V35,pval35,tr_V36,pval36,tr_V37,pval37,tr_V38,pval38,tr_V39,pval39,tr_V40,pval40,tr_V41,pval41,tr_V42,pval42,tr_V43,pval43,tr_V44,pval44,tr_V45,pval45,tr_V46,pval46,tr_V47,pval47,tr_V48,pval48,tr_V49,pval49
LOCO-W,300,82.85320281982422,0.9065008564766773,1.0,0.9631208648504141,1.0,0.1776253245070929,1.0,4.773252931311589e-05,1.0,4.366618155948743e-08,1.0,1.4682475139027318e-06,1.0,0.9846661016307883,1.0,0.19445825614284884,1.0,2.0921116651306804e-06,1.0,0.5776918802882012,1.0,0.000784848716245623,1.0,0.002789141676316942,1.0,6.38782291506601e-08,0.0,0.8785783616524241,0.0,0.6384445736776598,0.0,0.051969552710971034,0.0,0.9999865399076887,0.0,1.1344402417456934e-07,0.0,0.28955470038341424,0.0,0.9734381485591166,0.0,2.08713555294171e-06,0.0,0.000791539837248334,0.0,0.9930087697658769,0.0,0.9999999612165458,0.0,0.041668880633195626,0.0,0.9169472332470797,0.0,0.0003323702972657383,0.0,0.004121180216133613,0.0,0.3783561174872051,0.0,0.9998207054296818,0.0,0.047358795750648164,0.0,0.9941649422022746,0.0,0.3522441910690448,0.0,0.6134183148726968,0.0,0.0558551664717275,0.0,0.999928337508742,0.0,0.06720575186993871,0.0,0.003039419640676222,0.0,0.9233163262867661,0.0,0.0022646155144032676,0.0,0.9999994898137855,0.0,0.02489767859372627,0.0,0.9998282996404864,0.0,2.5390357780707973e-06,0.0,0.9992888390876887,0.0,0.8873185564116075,0.0,0.9998986493124502,0.0,0.00048867942453934,0.0,0.6379043644826485,0.0,0.9367891219171818,0.0,0.936916211827373
CPI,300,4.352996110916138,0.9065008564766773,1.0,0.47386659984421153,1.0,0.047915530528897465,1.0,0.06084423046193353,1.0,0.39240192715560646,1.0,0.005703024529738929,1.0,0.02833288996585617,1.0,0.12470176827727641,1.0,0.0032817420007818375,1.0,0.0010635229827338504,1.0,0.0016484988260898293,1.0,0.07442300934905602,1.0,9.784469571524092e-05,0.0,0.15049998787205077,0.0,0.7630200285080435,0.0,0.3036650672084755,0.0,0.10514935068764125,0.0,0.8994480607726141,0.0,0.8771060989362436,0.0,0.5118773676325633,0.0,0.20066741750779377,0.0,0.8274311200362868,0.0,0.9097062307411489,0.0,0.47449504044587015,0.0,0.6500203983978075,0.0,0.5684422146398125,0.0,0.6689588024989556,0.0,0.542587549348405,0.0,0.8001135609168566,0.0,0.387108159489786,0.0,0.21180302946347185,0.0,0.8148325243896724,0.0,0.8919775936854959,0.0,0.2496901126463471,0.0,0.8083302924102671,0.0,0.5231045649292267,0.0,0.5801482047835778,0.0,0.9210968755634252,0.0,0.18078498736486437,0.0,0.10485869175717993,0.0,0.9769136526643953,0.0,0.39739566185674735,0.0,0.7096391382597895,0.0,0.7770436295134326,0.0,0.9431227896814289,0.0,0.5590487828173024,0.0,0.5336628906725039,0.0,0.11236253313380173,0.0,0.06648320688104063,0.0,0.8372938210443059,0.0,0.9648455498552154
CPI_sqrt,300,4.3538360595703125,0.9065008564766773,1.0,0.4467028822277417,1.0,0.38061686843831655,1.0,0.3398548736633578,1.0,0.3774837694052123,1.0,0.2769870246453032,1.0,0.2651912692620874,1.0,0.20395772615545166,1.0,0.10497238810670223,1.0,0.028112460987224322,1.0,0.10893819111989878,1.0,0.18861069290359295,1.0,0.08074634126817459,0.0,0.45824535175035713,0.0,0.5052050534251961,0.0,0.5034201764242686,0.0,0.4994058677179141,0.0,0.5077633233385438,0.0,0.5017246073870902,0.0,0.4961449251474653,0.0,0.4924198192332212,0.0,0.4963853675097275,0.0,0.5044443349850123,0.0,0.47158544520474555,0.0,0.5077373265516845,0.0,0.5017762211849154,0.0,0.509022553057799,0.0,0.50551812922711,0.0,0.5009309988039706,0.0,0.4995221353727845,0.0,0.5075546304510221,0.0,0.5076646687614925,0.0,0.5017843800028525,0.0,0.49950136704679676,0.0,0.4960066293733045,0.0,0.5036751751423121,0.0,0.5061472647035848,0.0,0.5028588179005697,0.0,0.496300158907505,0.0,0.4782579906334437,0.0,0.5075483853051109,0.0,0.4962136355985572,0.0,0.5013256293053061,0.0,0.5046084711438308,0.0,0.50707676911213,0.0,0.5169435137725453,0.0,0.49591791659749174,0.0,0.4968857289661723,0.0,0.4987593067935127,0.0,0.501841168678491,0.0,0.5109806825693008
CPI_n,300,4.34634804725647,0.9065008564766773,1.0,0.1786185566613086,1.0,0.2344513162705295,1.0,0.1268050633176866,1.0,0.14893110387390163,1.0,0.005770405099425595,1.0,0.005542222994904684,1.0,0.044625844971613426,1.0,0.059119607116997624,1.0,0.014645666152587639,1.0,0.03626853652583823,1.0,0.005002802147542541,1.0,0.025022731330826574,0.0,0.4334677034348622,0.0,0.52533744029998,0.0,0.47252231415107343,0.0,0.49690778969914906,0.0,0.5250589259045312,0.0,0.48802089960958916,0.0,0.44827836659234427,0.0,0.4600700737905344,0.0,0.4686915042685136,0.0,0.5540862150615515,0.0,0.2655485821756145,0.0,0.46594925859176173,0.0,0.5066550829819352,0.0,0.5735796585505828,0.0,0.5161892270544203,0.0,0.5463515244628919,0.0,0.4845540526083355,0.0,0.5602495427969258,0.0,0.5990626442185437,0.0,0.4989340001402827,0.0,0.4933436201243153,0.0,0.47458012136313055,0.0,0.5291165069520153,0.0,0.5256756815485564,0.0,0.5121828554321645,0.0,0.5406417674113521,0.0,0.3717581407271649,0.0,0.5695155155608286,0.0,0.48762155014077035,0.0,0.5246434154727646,0.0,0.5612600085677433,0.0,0.5912785550705486,0.0,0.6702524576213049,0.0,0.4984564542560244,0.0,0.4711160431581447,0.0,0.4976801500373823,0.0,0.5074365712873345,0.0,0.4503627248893814
CPI_bt,300,4.61790657043457,0.9065008564766773,1.0,0.23860880213253965,1.0,0.00036552233885108674,1.0,0.0035377232688948686,1.0,0.8479386666902489,1.0,1.759695272134862e-05,1.0,1.785671983562571e-09,1.0,0.00734283145940569,1.0,1.1240979239710582e-06,1.0,0.0004727945581146806,1.0,2.4367252562362554e-08,1.0,8.387555478201517e-11,1.0,3.399239917234876e-07,0.0,0.18068793527975002,0.0,0.5666953876635258,0.0,0.5526191803421711,0.0,0.4999098319459668,0.0,0.5333755915607479,0.0,0.49601571957520224,0.0,0.5195676817915457,0.0,0.2730490872469597,0.0,0.4427652833497955,0.0,0.5042837450731434,0.0,0.4731975576732563,0.0,0.47323006277518287,0.0,0.498267097902446,0.0,0.5047120326064366,0.0,0.715468064942862,0.0,0.4971721466459493,0.0,0.5476362644275602,0.0,0.46442016173672784,0.0,0.6250752732734663,0.0,0.5239048160441836,0.0,0.49135449267763154,0.0,0.5024801562707588,0.0,0.5331434879267378,0.0,0.5125960846658169,0.0,0.5342281900704563,0.0,0.49610725536559835,0.0,0.4147860335494847,0.0,0.5356599712261925,0.0,0.5056783682703981,0.0,0.521724764141282,0.0,0.46563352614372083,0.0,0.5653676061216606,0.0,0.5409689515975533,0.0,0.48816840618978496,0.0,0.5210172446546887,0.0,0.5266101901073734,0.0,0.5713204026874852,0.0,0.6078412048146704
CPI_sqd,300,4.583859920501709,0.9065008564766773,1.0,3.7865152737451835e-06,1.0,1.5479165602416684e-09,1.0,6.319660930381057e-05,1.0,0.03743398979747495,1.0,2.517832046680176e-09,1.0,2.1202801890122924e-20,1.0,2.990994683638232e-07,1.0,8.394948788517794e-14,1.0,1.218574806687068e-08,1.0,1.417907574178545e-08,1.0,5.77332170259834e-14,1.0,3.331111638505362e-11,0.0,4.31732221771354e-21,0.0,0.9999999937323769,0.0,2.5598599669299703e-10,0.0,0.9999153124795218,0.0,0.9999999369167376,0.0,0.6446787809310328,0.0,5.1506696744048487e-17,0.0,2.4695028476527703e-77,0.0,0.18037218632386692,0.0,0.503812835117007,0.0,1.735895645008498e-124,0.0,0.9999999954588532,0.0,0.9999999988028101,0.0,0.9999999999511912,0.0,1.0,0.0,0.9999999999894391,0.0,9.986362358543559e-27,0.0,1.4188135675679658e-42,0.0,1.0,0.0,1.0,0.0,0.22118818319170874,0.0,0.9999213651475453,0.0,0.1755974694461841,0.0,0.9990572030178336,0.0,1.0,0.0,1.0,0.0,1.9962877187593051e-128,0.0,0.9999999999879666,0.0,2.9150649872443294e-05,0.0,0.9934115430793606,0.0,0.9999999999999993,0.0,1.0,0.0,1.0,0.0,2.529284645482501e-17,0.0,1.0248165720833709e-05,0.0,9.29943534817368e-07,0.0,1.0,0.0,1.0
S-CPI,300,4.769550323486328,0.9065008564766773,1.0,0.17195323207457647,1.0,0.1607841032339148,1.0,0.11647670559670853,1.0,0.7795182649336937,1.0,0.16556648274787766,1.0,0.0005731733207250889,1.0,0.49913331563503177,1.0,0.004494722004365991,1.0,0.003923861010155082,1.0,0.0012864484214418351,1.0,0.11852680996782627,1.0,0.009550989104459423,0.0,0.2415832984282274,0.0,0.8741540455944004,0.0,0.683721115217467,0.0,0.42733910514130347,0.0,0.8743576848555705,0.0,0.3545643973612499,0.0,0.7012446586773462,0.0,0.27191064221766537,0.0,0.23627940632382055,0.0,0.7128235599901432,0.0,0.15206358715253887,0.0,0.5415178015340267,0.0,0.6796252769480616,0.0,0.8306981457170912,0.0,0.7914402972566581,0.0,0.9001668640302898,0.0,0.37031947172546764,0.0,0.3482899872205903,0.0,0.872067253975644,0.0,0.23231903247064278,0.0,0.3522458677571777,0.0,0.6268997879897709,0.0,0.7382049787451355,0.0,0.9273606323481219,0.0,0.99447793542384,0.0,0.8320981935125583,0.0,0.018961951778420513,0.0,0.9565346375592819,0.0,0.1423171854842084,0.0,0.2827346426550156,0.0,0.6460640987747261,0.0,0.9927365219162759,0.0,0.6401711098809558,0.0,0.3906190163760696,0.0,0.15794524278552624,0.0,0.09971000630941362,0.0,0.8416242756754462,0.0,0.975077079551328
S-CPI_sqrt,300,4.7597808837890625,0.9065008564766773,1.0,0.391195564260858,1.0,0.37543678215104265,1.0,0.4805548013595423,1.0,0.5225828779380839,1.0,0.37056400627540625,1.0,0.21540421189433362,1.0,0.33050086650388755,1.0,0.14834235859531064,1.0,0.06431605926805223,1.0,0.17135642257462613,1.0,0.30921117690410926,1.0,0.19388840139443747,0.0,0.5045711273532452,0.0,0.5117268986726569,0.0,0.49963339794810213,0.0,0.49989500510653995,0.0,0.5048433460661751,0.0,0.49903007566741364,0.0,0.5028081151697582,0.0,0.4818371889999753,0.0,0.49996838933765675,0.0,0.5059320645039952,0.0,0.4700051749894322,0.0,0.5030715029353761,0.0,0.5022724533388861,0.0,0.5132540057714895,0.0,0.5142978147564667,0.0,0.5074806038920587,0.0,0.4969702865570865,0.0,0.4996625628903913,0.0,0.5217628870165075,0.0,0.5008101303286809,0.0,0.4986834040575613,0.0,0.5017890189838231,0.0,0.5022248404432894,0.0,0.5029327983515812,0.0,0.5088083711159809,0.0,0.5081704768197108,0.0,0.48065368607580883,0.0,0.5095874287575355,0.0,0.49669239710830293,0.0,0.4967128379966749,0.0,0.5063802040804969,0.0,0.5184662977673177,0.0,0.5022362395420179,0.0,0.49725826583404065,0.0,0.49360404531551805,0.0,0.4982083517776583,0.0,0.5017394682219218,0.0,0.542583404207828
S-CPI_n,300,4.762552499771118,0.9065008564766773,1.0,0.21874469873769253,1.0,0.3115068557614381,1.0,0.23143309955567698,1.0,0.568762419096932,1.0,0.10625032928400885,1.0,0.005074374274013773,1.0,0.37784409140566066,1.0,0.016500712262805556,1.0,0.0004607203177055798,1.0,0.004227695304848285,1.0,0.12118802639638981,1.0,0.018034366235028923,0.0,0.32777249115339013,0.0,0.5996359885596592,0.0,0.5314049464639417,0.0,0.5117054521722759,0.0,0.5554732625063513,0.0,0.5043706685700194,0.0,0.5223394046607511,0.0,0.3606417909083077,0.0,0.4829654571393216,0.0,0.5504181045493256,0.0,0.28356626169404897,0.0,0.4905870203779268,0.0,0.5173333362666949,0.0,0.6130212205741635,0.0,0.6057683457815458,0.0,0.546729909278089,0.0,0.4850283549389544,0.0,0.4182225648515256,0.0,0.6787294607937447,0.0,0.4822577076229016,0.0,0.4826411260980077,0.0,0.5268799945310737,0.0,0.5320636001863502,0.0,0.5222305844010539,0.0,0.5630100873208981,0.0,0.5707771334888948,0.0,0.34831006002194265,0.0,0.5831829060194407,0.0,0.4798110298687423,0.0,0.47432618931330434,0.0,0.5535358635074245,0.0,0.6167665116955584,0.0,0.5288096726136473,0.0,0.4956422980103456,0.0,0.4697087722585778,0.0,0.4913942136852128,0.0,0.48046278885027854,0.0,0.7908395298549376
S-CPI_bt,300,4.947237014770508,0.9065008564766773,1.0,0.34410506108030003,1.0,0.0708574294849338,1.0,0.10698487860979616,1.0,0.6428005541184212,1.0,0.047072428386026155,1.0,2.9113162442300395e-08,1.0,0.12555231885879653,1.0,6.189217883753017e-06,1.0,0.0008332308359880593,1.0,0.00035707218924084153,1.0,0.1857411493938841,1.0,0.0031481730726185134,0.0,0.3096751836337026,0.0,0.6375080328468092,0.0,0.5251419285626727,0.0,0.5024203040533701,0.0,0.5311733722380142,0.0,0.4833997646035032,0.0,0.5247429471806616,0.0,0.335565006063947,0.0,0.4786523790964422,0.0,0.5650480755158951,0.0,0.26635824620756643,0.0,0.5122463149536023,0.0,0.525641049423554,0.0,0.6018925637067094,0.0,0.6292471575019957,0.0,0.5627316587409205,0.0,0.5360574752445945,0.0,0.40964549955736823,0.0,0.6557354595703253,0.0,0.5188952811717429,0.0,0.5033338324168416,0.0,0.49423341260746445,0.0,0.5431175844437557,0.0,0.4999841847968707,0.0,0.5755968446655153,0.0,0.5753877343976214,0.0,0.2816383064667215,0.0,0.5892531551512857,0.0,0.48524555529285907,0.0,0.4804110862808501,0.0,0.5614668165602448,0.0,0.6220443864447148,0.0,0.48265545151155625,0.0,0.4723688337411629,0.0,0.4571854696992302,0.0,0.475152677357701,0.0,0.546728145122232,0.0,0.888274168778642
S-CPI_sqd,300,4.955687999725342,0.9065008564766773,1.0,2.0992116704792063e-06,1.0,0.23195547605976907,1.0,9.247086607782588e-05,1.0,0.6117465743945267,1.0,0.18934956662478886,1.0,1.4024504922380635e-18,1.0,0.1054205240838616,1.0,6.595892393674571e-07,1.0,3.296876027845248e-06,1.0,1.4002714724575096e-06,1.0,0.14028343911892255,1.0,3.144333710349065e-08,0.0,1.38728271434296e-19,0.0,1.0,0.0,1.0,0.0,0.7899452109915617,0.0,1.0,0.0,0.9999999275059657,0.0,0.9727331130863872,0.0,0.0594042216005637,0.0,0.8324081130775635,0.0,1.0,0.0,2.392772742258781e-13,0.0,1.097041876556891e-09,0.0,0.9926832330994778,0.0,1.0,0.0,1.0,0.0,1.0,0.0,0.6049604867252812,0.0,7.261203844331945e-33,0.0,1.0,0.0,7.220005225260526e-12,0.0,0.3717687745642646,0.0,0.8167866396395196,0.0,1.0,0.0,0.9999744858697514,0.0,1.0,0.0,0.9999999999999998,0.0,4.0198153997721637e-140,0.0,1.0,0.0,3.962443248150123e-17,0.0,8.003173826171961e-05,0.0,1.0,0.0,1.0,0.0,0.9896132689758735,0.0,0.9999999954663915,0.0,2.609136501293967e-17,0.0,0.029173012980551097,0.0,1.0,0.0,1.0
S-CPI2,300,8.890510320663452,0.9065008564766773,1.0,0.1725786329067548,1.0,0.301801338319957,1.0,0.35176074429171966,1.0,0.6303367477579999,1.0,0.2372527061346711,1.0,0.0006401513684293614,1.0,0.302522107829775,1.0,0.010672100959588496,1.0,0.0002936230500066608,1.0,0.00247274815412722,1.0,0.2248840103837183,1.0,0.013951831991854312,0.0,0.1276609619006207,0.0,0.9167699801627482,0.0,0.7622718951356857,0.0,0.665278827560365,0.0,0.8866132281175626,0.0,0.524035078097919,0.0,0.7415541518993005,0.0,0.30791866829151554,0.0,0.31894958022156594,0.0,0.9229730920203316,0.0,0.18935326358304405,0.0,0.4495933814449402,0.0,0.7547652258780977,0.0,0.846528953957806,0.0,0.8358923552374271,0.0,0.9318975665757459,0.0,0.46494758385999096,0.0,0.22720659856105663,0.0,0.8755064714812664,0.0,0.47323300480319636,0.0,0.2887703124993817,0.0,0.5278048308625045,0.0,0.7724877391111451,0.0,0.6707999322575421,0.0,0.9948449856656888,0.0,0.7938759445621397,0.0,0.004944012967746581,0.0,0.9928774194680265,0.0,0.26313580322609614,0.0,0.35025563405280025,0.0,0.7659008494401154,0.0,0.9859101987868794,0.0,0.6487639852083991,0.0,0.4975313990435481,0.0,0.21099086529629596,0.0,0.05472940775127032,0.0,0.7563389005572849,0.0,0.9516954230435374
S-CPI2_sqrt,300,8.930510520935059,0.9065008564766773,1.0,0.43222100385517986,1.0,0.40487299835778956,1.0,0.4456931969881086,1.0,0.5352058982848054,1.0,0.38126307811665916,1.0,0.19135012668577356,1.0,0.42592961822631037,1.0,0.19880585952230356,1.0,0.05170626957309639,1.0,0.11264750688260156,1.0,0.378317555393878,1.0,0.17976682316911774,0.0,0.4482927188054752,0.0,0.5141060842690455,0.0,0.5029617351596906,0.0,0.5004887417581645,0.0,0.5050203887210534,0.0,0.5003073517043055,0.0,0.5030804240717023,0.0,0.48857024386516934,0.0,0.4993454478962973,0.0,0.506506959070466,0.0,0.4631876522927568,0.0,0.501986848847157,0.0,0.5019228703026427,0.0,0.5121783653541004,0.0,0.5176268393621868,0.0,0.5068936511927389,0.0,0.4982297448962072,0.0,0.49422176195961653,0.0,0.5242615946588831,0.0,0.4995298869006861,0.0,0.4989219672855143,0.0,0.5005394946459601,0.0,0.50346455102452,0.0,0.5021966348500247,0.0,0.5091082061317215,0.0,0.5093960394429585,0.0,0.47687289332985355,0.0,0.5105262591238862,0.0,0.49746007234092926,0.0,0.49732377426950436,0.0,0.5058036823868364,0.0,0.5153510028338532,0.0,0.5051641254739148,0.0,0.5012271810093331,0.0,0.4953066572993371,0.0,0.49779546581941925,0.0,0.5027659388949609,0.0,0.5513122154787163
S-CPI2_n,300,8.922762393951416,0.9065008564766773,1.0,0.2567997820128044,1.0,0.3012098921594999,1.0,0.35350552283266834,1.0,0.5993591069292903,1.0,0.257398219725466,1.0,0.004276210707987103,1.0,0.3229277152295847,1.0,0.027158496935884593,1.0,0.0008762782485394141,1.0,0.00906149750067705,1.0,0.23096072082735825,1.0,0.02433507117618686,0.0,0.26614633349402783,0.0,0.6159162204784274,0.0,0.5306159436393068,0.0,0.5061612043767962,0.0,0.550862358786403,0.0,0.501694220470608,0.0,0.5282720907999212,0.0,0.4077077399525333,0.0,0.4857393998296263,0.0,0.567230717162214,0.0,0.3241127536523367,0.0,0.48790176439513266,0.0,0.5164627432584783,0.0,0.6069307763142617,0.0,0.6066355430745671,0.0,0.5554354302147738,0.0,0.49978921853681,0.0,0.4478130917544514,0.0,0.6516688983381154,0.0,0.5036764956292988,0.0,0.4856105126706703,0.0,0.5146868874022588,0.0,0.5193441449720113,0.0,0.5159217501606128,0.0,0.5853116563813029,0.0,0.5618581014317406,0.0,0.3481363211082631,0.0,0.5893532894258326,0.0,0.4739013140424885,0.0,0.48559298917326105,0.0,0.5389550408788966,0.0,0.6271211201332318,0.0,0.5516847464391093,0.0,0.4883829153519977,0.0,0.45406818196110577,0.0,0.48061011269730103,0.0,0.5202182759213785,0.0,0.7615593795176538
S-CPI2_bt,300,9.098702669143677,0.9065008564766773,1.0,0.06042772271094529,1.0,0.21572606199277106,1.0,0.10167854653136604,1.0,0.6285295684423943,1.0,0.12075479267346584,1.0,1.8630590912475156e-07,1.0,0.3537978581618899,1.0,8.019883369296665e-05,1.0,0.0005791663237746505,1.0,0.00012981142938640498,1.0,0.12621720648849677,1.0,0.004203710545098115,0.0,0.1810128258181939,0.0,0.6247061882428189,0.0,0.5334234323011817,0.0,0.5042620959840032,0.0,0.5501705797950875,0.0,0.5020742374572797,0.0,0.5344599261485439,0.0,0.3436370540919916,0.0,0.4837789561586363,0.0,0.5634202660346058,0.0,0.22788356366552603,0.0,0.4827367708623544,0.0,0.5141961798755859,0.0,0.612619263741965,0.0,0.6198483845952921,0.0,0.5617345034041845,0.0,0.48865017166507885,0.0,0.42895576445004246,0.0,0.7122702374349321,0.0,0.4980930188537524,0.0,0.48953240531504283,0.0,0.5062946945357389,0.0,0.5129202978032096,0.0,0.5206324669975196,0.0,0.5840603248938256,0.0,0.5982744857179791,0.0,0.2896251629548404,0.0,0.6038180273632893,0.0,0.47392918879344936,0.0,0.47098589280643843,0.0,0.5508836850356829,0.0,0.6486234844360749,0.0,0.5623777572156416,0.0,0.4948924768594388,0.0,0.4461378771814981,0.0,0.4808948316717898,0.0,0.5348056594920579,0.0,0.9030587304469203
S-CPI2_sqd,300,9.123606443405151,0.9065008564766773,1.0,2.196179669728805e-05,1.0,0.28271006372457697,1.0,0.13121308068362514,1.0,0.9702576530191741,1.0,0.18245070859658308,1.0,9.891533276708803e-29,1.0,0.21597065422556644,1.0,1.8529448795263507e-05,1.0,2.859516882402624e-06,1.0,2.6276611675564495e-06,1.0,0.14028458518911502,1.0,0.0004797603865096677,0.0,8.687791227390585e-14,0.0,1.0,0.0,0.9999999999803466,0.0,0.8151570002945521,0.0,1.0,0.0,0.6586893771126481,0.0,0.9999999999709447,0.0,4.383958688869796e-16,0.0,0.0021798120533327026,0.0,1.0,0.0,6.7528948673731e-19,0.0,0.9999999749000652,0.0,0.9944947601609573,0.0,1.0,0.0,1.0,0.0,1.0,0.0,0.03322467223137133,0.0,7.249977406666435e-19,0.0,1.0,0.0,0.6383982887320157,0.0,0.001463941437678344,0.0,0.9977468995822795,0.0,0.999999470795347,0.0,0.999997275671529,0.0,1.0,0.0,1.0,0.0,1.8366886349876419e-265,0.0,1.0,0.0,6.519495854218623e-05,0.0,1.9016531023759073e-08,0.0,0.9999999999999998,0.0,1.0,0.0,0.9999999987658851,0.0,0.39479684354733857,0.0,3.557697469535315e-24,0.0,6.564059562954598e-06,0.0,0.9999999999999751,0.0,1.0
LOCO,300,57.10235548019409,0.9065008564766773,1.0,0.5874764362635222,1.0,0.5382798431602969,1.0,0.024974819626562804,1.0,0.827882521064911,1.0,0.45066344317815316,1.0,0.08283641583881696,1.0,0.07240061284067227,1.0,0.003621076567981594,1.0,0.014608065374535854,1.0,0.10118656683166799,1.0,0.01033623503239997,1.0,0.0052300181176198135,0.0,0.26824946390534593,0.0,0.5503412056934069,0.0,0.5830031349603699,0.0,0.5103913293464659,0.0,0.6238953723681925,0.0,0.055415265442399116,0.0,0.2610209541811276,0.0,0.847028713768974,0.0,0.3035126812415346,0.0,0.5464703771920796,0.0,0.6770814132102994,0.0,0.7228219576577573,0.0,0.3023998851461042,0.0,0.8599732068261217,0.0,0.8164458848203633,0.0,0.5838059130673164,0.0,0.8786652106798858,0.0,0.3913271418374078,0.0,0.5131644961983637,0.0,0.6002256084783487,0.0,0.711868586006033,0.0,0.20326326685971713,0.0,0.5914080381763932,0.0,0.4135440646462068,0.0,0.7336960782551507,0.0,0.9401750819638166,0.0,0.13024187961074024,0.0,0.7484026933390918,0.0,0.3413481680289888,0.0,0.07488022312858332,0.0,0.7294358706137355,0.0,0.8009713547679067,0.0,0.7762192041895191,0.0,0.5252622004586539,0.0,0.4550682390725843,0.0,0.1987362533949104,0.0,0.6308363352176363,0.0,0.9366267006060341
LOCO_sqrt,300,57.095181465148926,0.9065008564766773,1.0,0.5253452535199657,1.0,0.5179453301871824,1.0,0.17297440298480815,1.0,0.647350860532794,1.0,0.4762067576458857,1.0,0.2591157215751118,1.0,0.2185975235135968,1.0,0.11002844498456354,1.0,0.12370153731766192,1.0,0.2567361572397193,1.0,0.09127331418676132,1.0,0.08793339475106138,0.0,0.40935545910052556,0.0,0.5057755010866611,0.0,0.5103186615489527,0.0,0.5006305213317234,0.0,0.5077156542075789,0.0,0.4687149109672697,0.0,0.4751430987913873,0.0,0.5706926428362321,0.0,0.4756865849328204,0.0,0.5051409477286719,0.0,0.5458462687597031,0.0,0.5195123450255028,0.0,0.48287090326975046,0.0,0.5556765472148175,0.0,0.56253092155621,0.0,0.5069736584404575,0.0,0.5500825461130628,0.0,0.4897464813408386,0.0,0.5016749127021771,0.0,0.5124287267491399,0.0,0.5182025289408874,0.0,0.4595547951065653,0.0,0.5094160704049173,0.0,0.4909540589590599,0.0,0.5368558972654276,0.0,0.6384460090444767,0.0,0.45749161423624857,0.0,0.5273220508185061,0.0,0.48779685374414244,0.0,0.4630024952691484,0.0,0.519005102049038,0.0,0.5677554003586855,0.0,0.5910494405715578,0.0,0.5019395684118201,0.0,0.4955562037752002,0.0,0.4726322190390341,0.0,0.5244932735987196,0.0,0.5925737308636514
LOCO_n,300,57.10069727897644,0.9065008564766773,1.0,0.5695731208190694,1.0,0.5341978237514228,1.0,0.03920204630332132,1.0,0.7929281753459396,1.0,0.4556741037481134,1.0,0.10806654824659306,1.0,0.09097398271732804,1.0,0.008511003921260765,1.0,0.02305084837259145,1.0,0.12329395498718337,1.0,0.015883239643318343,1.0,0.009633432746736389,0.0,0.30002305315327793,0.0,0.5277755988576551,0.0,0.5477013777690842,0.0,0.5039484742783154,0.0,0.5480453250147533,0.0,0.29970324475332755,0.0,0.37303319820141767,0.0,0.75248784191588,0.0,0.3865350148454591,0.0,0.5251655938598108,0.0,0.6366134861092942,0.0,0.6074487054355443,0.0,0.40552628575903876,0.0,0.7364726767311536,0.0,0.7263527651962489,0.0,0.5388338781074478,0.0,0.7336126205248888,0.0,0.4458429265890531,0.0,0.5076403262575074,0.0,0.5575671787146649,0.0,0.6009246476771408,0.0,0.3182322486684175,0.0,0.5477463323323488,0.0,0.4544732488846888,0.0,0.6512366420750845,0.0,0.8741713842746617,0.0,0.2873856457971907,0.0,0.6360514015447787,0.0,0.42955881089452425,0.0,0.2845244123827749,0.0,0.6072101575596488,0.0,0.7246068410111135,0.0,0.7295188397275381,0.0,0.5111424639765533,0.0,0.47707046436731326,0.0,0.34985503496742004,0.0,0.5900214695991997,0.0,0.8327985919671947
LOCO_bt,300,57.38158464431763,0.9065008564766773,1.0,0.632831800142379,1.0,0.5358328744168809,1.0,0.011528604185710981,1.0,0.8919147855661971,1.0,0.44750930879211553,1.0,0.0804738502365453,1.0,0.10690137751380113,1.0,0.00026290064777617357,1.0,0.01069302198469852,1.0,0.14943467489429196,1.0,0.04465434130612576,1.0,0.006763634874786989,0.0,0.1521328547486286,0.0,0.5535396121046224,0.0,0.5941988380518841,0.0,0.5061383561024543,0.0,0.5747814077130591,0.0,0.2213104958666861,0.0,0.26992768484579377,0.0,0.9378424459971492,0.0,0.28328064523873653,0.0,0.5480470975474034,0.0,0.7707585991346904,0.0,0.6814729568303868,0.0,0.33893508340694,0.0,0.8981968114290703,0.0,0.901485000601008,0.0,0.5671503582445813,0.0,0.8839038857477792,0.0,0.4028737467040312,0.0,0.5147707022341027,0.0,0.6134225555342658,0.0,0.6681437239672323,0.0,0.1744562575367779,0.0,0.5857154389576583,0.0,0.4153274042938338,0.0,0.7830528168610114,0.0,0.9966444142561575,0.0,0.1507745499884584,0.0,0.7380639896879932,0.0,0.38394206252713886,0.0,0.18348916921362401,0.0,0.678414907859176,0.0,0.9171971770205871,0.0,0.9103123881956413,0.0,0.5188170085282943,0.0,0.45760331947925603,0.0,0.2527244986857448,0.0,0.6964459790634213,0.0,0.9865127816821693
LOCO_sqd,300,57.318692445755005,0.9065008564766773,1.0,0.7552967286519594,1.0,0.5433437690546808,1.0,0.020342543335446876,1.0,0.9491793733195224,1.0,0.4475548273676463,1.0,0.019094565010551533,1.0,0.10507547895226227,1.0,6.193372807630067e-05,1.0,0.0050545655836392546,1.0,0.08145910573015236,1.0,0.020307012941758656,1.0,0.005922651793595833,0.0,0.10143852439431422,0.0,0.8679885888280283,0.0,0.9495868049706937,0.0,0.6484767906450231,0.0,0.9999981103474361,0.0,1.2348829561639614e-138,0.0,3.42781845085071e-11,0.0,0.9999983451121532,0.0,4.891372267390092e-09,0.0,0.7818798791013821,0.0,0.952025957214043,0.0,0.9999999999023924,0.0,1.1178339761204023e-11,0.0,1.0,0.0,0.9999996692144254,0.0,0.9701021756471123,0.0,1.0,0.0,0.012266931256748572,0.0,0.6229885892136022,0.0,0.9724725737929797,0.0,0.9999999999201082,0.0,2.348854584325583e-15,0.0,0.985092011982673,0.0,0.04502301782430126,0.0,0.9999995847890594,0.0,0.9999995479691927,0.0,2.3500574550216433e-21,0.0,0.9999999999880161,0.0,4.768853700072082e-08,0.0,3.684883925607347e-88,0.0,0.9999999999993966,0.0,0.9986864779657405,0.0,0.9720235949641951,0.0,0.7227028196542558,0.0,0.1439409094070514,0.0,1.5788768217497977e-21,0.0,0.8850101898241055,0.0,1.0
S-CPI_ST,300,4.351412534713745,0.9065008564766773,1.0,0.7696037636405133,1.0,0.9637252339037691,1.0,0.9637252339037691,1.0,0.977701237686042,1.0,0.8769467751418607,1.0,0.2992058591167596,1.0,0.9637252339037691,1.0,0.23039623635948664,1.0,3.828536465524171e-05,1.0,0.7007941408832403,1.0,0.7696037636405133,1.0,0.37601660079929766,0.0,0.9999061221019103,0.0,0.977701237686042,0.0,0.9999999999999611,0.0,1.0,0.0,1.0,0.0,0.9999999431821746,0.0,0.9999851677353874,0.0,0.9999999999999611,0.0,0.9999999999999999,0.0,0.9999999431821746,0.0,0.9999999999999948,0.0,1.0,0.0,0.999999999991111,0.0,1.0,0.0,0.9999999999997399,0.0,0.9999999999999999,0.0,0.9999999999999993,0.0,0.9999999959646277,0.0,0.9999999999999993,0.0,0.9999999999984124,0.0,1.0,0.0,1.0,0.0,1.0,0.0,0.9999993753709356,0.0,0.9999999843640887,0.0,0.9999999997807107,0.0,0.9979174429920877,0.0,1.0,0.0,0.9999999990258812,0.0,1.0,0.0,0.9959770359333875,0.0,0.9999999959646277,0.0,0.9999617146353448,0.0,0.9995136196460244,0.0,0.9999999990258812,0.0,1.0,0.0,0.9999981024754109,0.0,0.9999998059091278
S-CPI_Wilcox,300,4.403351783752441,0.9065008564766773,1.0,0.012006097288071893,1.0,0.002934506042337503,1.0,0.04623571990758347,1.0,0.00110193830547089,1.0,0.0004067396941071027,1.0,0.051999649740035216,1.0,0.11530699565314267,1.0,4.5890757871482946e-05,1.0,4.4491613566558175e-06,1.0,0.00019445667310299226,1.0,0.18879169025057585,1.0,0.00024609174092184703,0.0,0.30142588498180556,0.0,0.6846298349731184,0.0,0.6317835779220393,0.0,0.5966168386885512,0.0,0.7836162096661077,0.0,0.7575434873821462,0.0,0.7926045195811373,0.0,0.13677183054468306,0.0,0.7638003974915399,0.0,0.2230569385625077,0.0,0.07949503050566215,0.0,0.6939550599553717,0.0,0.5612986358029607,0.0,0.5705684935860557,0.0,0.5567984968164682,0.0,0.9335143433355668,0.0,0.8226653023423771,0.0,0.0954564291831469,0.0,0.5094417045583245,0.0,0.6807733994726448,0.0,0.745122534671752,0.0,0.5623544073945101,0.0,0.8962107788321878,0.0,0.867671358913548,0.0,0.927653761837804,0.0,0.9828844035435534,0.0,0.14148805957464533,0.0,0.9995163327637792,0.0,0.6080927947342425,0.0,0.09906145587698362,0.0,0.31389586032782735,0.0,0.9665406922317644,0.0,0.7863972329400046,0.0,0.728331417376862,0.0,0.02179042819630462,0.0,0.2326044092260709,0.0,0.7229650991634341,0.0,0.5865059301777356
LOCO_ST,300,57.12413263320923,0.9065008564766773,1.0,0.977701237686042,1.0,0.05667217702171029,1.0,0.036274766096230884,1.0,0.37601660079929766,1.0,0.08512119752303683,1.0,0.08512119752303683,1.0,0.02229876231395796,1.0,0.0020825570079122217,1.0,0.05667217702171029,1.0,0.004022964066612547,1.0,0.23039623635948664,1.0,0.0010301328404815372,0.0,0.5419355614943554,0.0,0.2992058591167596,0.0,0.036274766096230884,0.0,0.2992058591167596,0.0,0.23039623635948664,0.0,0.08512119752303683,0.0,0.12305322485813928,0.0,0.23039623635948664,0.0,0.05667217702171029,0.0,0.4580644385056446,0.0,0.4580644385056446,0.0,0.7696037636405133,0.0,0.7007941408832403,0.0,0.37601660079929766,0.0,0.5419355614943554,0.0,0.23039623635948664,0.0,0.37601660079929766,0.0,0.2992058591167596,0.0,0.6239833992007023,0.0,0.23039623635948664,0.0,0.37601660079929766,0.0,0.05667217702171029,0.0,0.23039623635948664,0.0,0.5419355614943554,0.0,0.5419355614943554,0.0,0.9148788024769632,0.0,0.05667217702171029,0.0,0.6239833992007023,0.0,0.036274766096230884,0.0,0.02229876231395796,0.0,0.2992058591167596,0.0,0.2992058591167596,0.0,0.5419355614943554,0.0,0.8285834402896058,0.0,0.23039623635948664,0.0,0.05667217702171029,0.0,0.37601660079929766,0.0,0.4580644385056446
LOCO_Wilcox,300,57.12413263320923,0.9065008564766773,1.0,0.9189782727641458,1.0,0.3341352485679422,1.0,0.019217376906300494,1.0,0.7842510927655855,1.0,0.1557791324352959,1.0,0.072895071559331,1.0,0.02734623072021834,1.0,0.0014817725134465007,1.0,0.024674037208902228,1.0,0.07687679232488988,1.0,0.09379232298463697,1.0,0.009752102524500579,0.0,0.3730042421020652,0.0,0.3385397192500046,0.0,0.06540758480609986,0.0,0.3011598062493315,0.0,0.3053772926862296,0.0,0.02017882772581175,0.0,0.15386301934244173,0.0,0.43369167930040103,0.0,0.07458175288201943,0.0,0.37605455039668945,0.0,0.44638754321907986,0.0,0.49919739075166863,0.0,0.5440536232882781,0.0,0.5710524088121809,0.0,0.6178217221351953,0.0,0.2326035624738299,0.0,0.7420976044495777,0.0,0.222884095546036,0.0,0.4352752023541551,0.0,0.2566044092660111,0.0,0.32250249095629674,0.0,0.0992968363655225,0.0,0.29280460563553923,0.0,0.3976139688119398,0.0,0.38525133805087886,0.0,0.892009223050197,0.0,0.0669596389488506,0.0,0.6496079685813063,0.0,0.050538649527282174,0.0,0.010851829579365573,0.0,0.34741471474574726,0.0,0.5899196984501365,0.0,0.6717019407368717,0.0,0.7275982289979318,0.0,0.22893141947565143,0.0,0.026594550108436504,0.0,0.6946227073137704,0.0,0.716804813775049
CPI_KO_ST,300,31.620340824127197,0.9080476869762252,1.0,0.9784357503613892,1.0,0.9953693966617947,1.0,0.9989194306293796,1.0,0.836823004037477,1.0,0.16317699596252302,1.0,0.13631495635040838,1.0,0.836823004037477,1.0,0.22648785747124797,1.0,0.19325491355636926,1.0,8.272584199343818e-05,1.0,0.8636850436495916,1.0,0.0064559178177449545,0.0,1.0,0.0,1.0,0.0,1.0,0.0,1.0,0.0,1.0,0.0,1.0,0.0,1.0,0.0,1.0,0.0,0.9999999999999972,0.0,1.0,0.0,1.0,0.0,1.0,0.0,1.0,0.0,1.0,0.0,1.0,0.0,1.0,0.0,1.0,0.0,1.0,0.0,1.0,0.0,1.0,0.0,1.0,0.0,1.0,0.0,1.0,0.0,1.0,0.0,1.0,0.0,1.0,0.0,0.9999977496381216,0.0,1.0,0.0,0.9999999999998818,0.0,1.0,0.0,1.0,0.0,0.9999999999997106,0.0,1.0,0.0,1.0,0.0,1.0,0.0,1.0,0.0,1.0,0.0,0.9999999959925624
CPI_KO_Wilcox,300,31.506504774093628,0.9080476869762252,1.0,6.2562080802423e-05,1.0,4.672900312371792e-09,1.0,0.0019423446063560827,1.0,2.93573663461559e-05,1.0,8.760829985337824e-06,1.0,3.799858156758723e-06,1.0,1.4658767754226135e-06,1.0,4.4874641251910574e-09,1.0,5.99190239716085e-07,1.0,1.9708292840368545e-10,1.0,1.336408615018679e-07,1.0,2.5846843581080305e-11,0.0,0.46065606186804586,0.0,0.9138758263960933,0.0,0.8394765591161217,0.0,0.08590427893511104,0.0,0.365961340809302,0.0,0.47633969560374617,0.0,0.1652652374080979,0.0,0.7981744052125995,0.0,0.31021577601090355,0.0,0.5023143762944268,0.0,0.5234719627252331,0.0,0.3126244445573817,0.0,0.7889334138901012,0.0,0.7725555776554591,0.0,0.7192394321718433,0.0,0.9815223934148118,0.0,0.7110125911033132,0.0,0.6979653912178047,0.0,0.9895911414832045,0.0,0.3347463027159622,0.0,0.5441049386299945,0.0,0.9776298817694519,0.0,0.7863306415979279,0.0,0.5768364139961784,0.0,0.9687289083563511,0.0,0.19944312315669266,0.0,0.21719193147880284,0.0,0.5793831992802247,0.0,0.9166328862754459,0.0,0.5405044985663497,0.0,0.7902856544675445,0.0,0.34306493657576176,0.0,0.04985012759685909,0.0,0.7993222748814406,0.0,0.5700837081588158,0.0,0.20121511034622952,0.0,0.9513095568787286,0.0,0.09026921411655431
dCRT,300,79.86307954788208,0.9890186407083648,1.0,4.6216043859274994e-08,1.0,5.113423411336706e-10,1.0,4.2924911503175625e-08,1.0,1.271434241710475e-09,1.0,2.7443251689017615e-12,1.0,3.251793000494631e-11,1.0,1.6763802328853562e-07,1.0,6.124710312669575e-09,1.0,4.1711437410585065e-13,1.0,1.877348549401865e-08,1.0,8.185582170133986e-13,1.0,3.5804847721866395e-14,0.0,0.15335989046227277,0.0,0.3515481753054752,0.0,0.8126790475504023,0.0,0.0034381294444239007,0.0,0.371675828400995,0.0,0.1352682563961616,0.0,0.1253001152635221,0.0,0.9134772163147357,0.0,0.0862799716650075,0.0,0.11716018291342731,0.0,0.5898329134320636,0.0,0.42437203469978957,0.0,0.8424235768374682,0.0,0.6340889859179387,0.0,0.46421533882594046,0.0,0.5106572472612907,0.0,0.6858168027879505,0.0,0.16538937848936686,0.0,0.49651346366825766,0.0,0.7401197399373072,0.0,0.9355367326723435,0.0,0.24370588681809413,0.0,0.2136635812359623,0.0,0.8685081724989937,0.0,0.7023884346097413,0.0,0.8641838513669418,0.0,0.7682875531809903,0.0,0.5274234050346809,0.0,0.738839629679108,0.0,0.17677376548809487,0.0,0.41663051687631214,0.0,0.13169882097225522,0.0,0.9010276624276253,0.0,0.4937083879778903,0.0,0.8142903422508982,0.0,0.7059834811727426,0.0,0.41026927863659224,0.0,0.20190810611384347
HRT,300,119.20882296562195,0.9065008564766773,1.0,0.03,1.0,0.016666666666666666,1.0,0.017142857142857144,1.0,0.08095238095238096,1.0,0.0004761904761904762,1.0,0.0,1.0,0.009047619047619047,1.0,0.0,1.0,0.0,1.0,0.0,1.0,0.0004761904761904762,1.0,0.0,0.0,0.10857142857142857,0.0,0.9066666666666666,0.0,0.6561904761904762,0.0,0.5923809523809523,0.0,0.9728571428571429,0.0,0.49142857142857144,0.0,0.5723809523809524,0.0,0.24428571428571427,0.0,0.3852380952380952,0.0,0.8538095238095238,0.0,0.09,0.0,0.5771428571428572,0.0,0.7242857142857143,0.0,0.9171428571428571,0.0,0.8047619047619048,0.0,0.9457142857142857,0.0,0.43857142857142856,0.0,0.2519047619047619,0.0,0.9719047619047619,0.0,0.6342857142857142,0.0,0.26904761904761904,0.0,0.569047619047619,0.0,0.6666666666666666,0.0,0.6638095238095238,0.0,0.9890476190476191,0.0,0.7257142857142858,0.0,0.01380952380952381,0.0,0.9914285714285714,0.0,0.2680952380952381,0.0,0.3157142857142857,0.0,0.7980952380952381,0.0,0.9571428571428572,0.0,0.659047619047619,0.0,0.4819047619047619,0.0,0.09904761904761905,0.0,0.15333333333333332,0.0,0.5452380952380952,0.0,0.9747619047619047
