method,n,tr_time,r2_test,tr_V0,pval0,tr_V1,pval1,tr_V2,pval2,tr_V3,pval3,tr_V4,pval4,tr_V5,pval5,tr_V6,pval6,tr_V7,pval7,tr_V8,pval8,tr_V9,pval9,tr_V10,pval10,tr_V11,pval11,tr_V12,pval12,tr_V13,pval13,tr_V14,pval14,tr_V15,pval15,tr_V16,pval16,tr_V17,pval17,tr_V18,pval18,tr_V19,pval19,tr_V20,pval20,tr_V21,pval21,tr_V22,pval22,tr_V23,pval23,tr_V24,pval24,tr_V25,pval25,tr_V26,pval26,tr_V27,pval27,tr_V28,pval28,tr_V29,pval29,tr_V30,pval30,tr_V31,pval31,tr_V32,pval32,tr_V33,pval33,tr_V34,pval34,tr_V35,pval35,tr_V36,pval36,tr_V37,pval37,tr_V38,pval38,tr_V39,pval39,tr_V40,pval40,tr_V41,pval41,tr_V42,pval42,tr_V43,pval43,tr_V44,pval44,tr_V45,pval45,tr_V46,pval46,tr_V47,pval47,tr_V48,pval48,tr_V49,pval49
LOCO-W,300,2.3068206310272217,0.9893271450744154,1.0,0.4512554120381649,1.0,0.022516043642280326,1.0,0.0016834081765104703,1.0,0.012782813557720374,1.0,0.03316241443229173,1.0,0.009147862419254582,1.0,0.00015293820893624854,1.0,0.0022165245939946843,1.0,0.00203869261299372,1.0,0.00010619733562389211,1.0,0.00023802425982322184,1.0,5.637490248733279e-06,0.0,0.044463785614118234,0.0,0.9771638999222292,0.0,0.03501914533789563,0.0,0.28037475007266444,0.0,0.14097390484683636,0.0,0.797283375699838,0.0,0.7487488540655511,0.0,0.22599171371491944,0.0,0.43650205574145673,0.0,0.9590969493579755,0.0,0.5445926955397622,0.0,0.5921599342223238,0.0,0.5444975535760204,0.0,0.5933762261322499,0.0,0.007600053306182408,0.0,0.8031730787114316,0.0,0.5231302616514466,0.0,0.3201030687495485,0.0,0.16270870969683449,0.0,0.056713549083537096,0.0,0.003107307671327164,0.0,0.504676127207194,0.0,0.9981207996555989,0.0,0.473820542657866,0.0,0.1890584646537834,0.0,0.8270625289625797,0.0,0.41024932270669645,0.0,0.7775538806863405,0.0,0.34093587693606975,0.0,0.5237050895198335,0.0,0.1423567659162428,0.0,0.0333212339928296,0.0,0.3338342451040053,0.0,0.9266179067405761,0.0,0.19004271114483884,0.0,0.5206094839024997,0.0,0.10035702136782643,0.0,0.936258897279667
CPI,300,3.299262762069702,0.9893271450744154,1.0,2.0917523048686523e-05,1.0,9.94438951635747e-07,1.0,6.818180696020218e-06,1.0,4.600664048515126e-08,1.0,1.2702662222372373e-05,1.0,1.9917314636538404e-08,1.0,1.0205169414755974e-07,1.0,3.5878409967695893e-07,1.0,7.767739582766253e-07,1.0,5.214090367807776e-09,1.0,4.4341475495338964e-07,1.0,1.1030961482478703e-07,0.0,1.0,0.0,1.0,0.0,1.0,0.0,1.0,0.0,0.967378110706716,0.0,0.7880170865572484,0.0,1.0,0.0,1.0,0.0,1.0,0.0,0.7653257097022992,0.0,1.0,0.0,1.0,0.0,1.0,0.0,1.0,0.0,0.7593358138584804,0.0,1.0,0.0,1.0,0.0,0.4383148809752866,0.0,1.0,0.0,1.0,0.0,1.0,0.0,1.0,0.0,1.0,0.0,0.03844464805831758,0.0,1.0,0.0,1.0,0.0,0.8580149161836351,0.0,1.0,0.0,1.0,0.0,1.0,0.0,1.0,0.0,1.0,0.0,1.0,0.0,1.0,0.0,0.32460711831193295,0.0,1.0,0.0,1.0,0.0,1.0
CPI_sqrt,300,3.284090518951416,0.9893271450744154,1.0,0.3287679480466621,1.0,0.2665154106990516,1.0,0.22619741107135405,1.0,0.18303578816613147,1.0,0.16913800345100316,1.0,0.14814083978620096,1.0,0.09099492957417343,1.0,0.12839125400737839,1.0,0.16248894147708265,1.0,0.044119218286393584,1.0,0.1553390231869925,1.0,0.05636616958610898,0.0,0.5,0.0,0.5,0.0,0.5,0.0,0.5,0.0,0.5004206317706045,0.0,0.5002643343393683,0.0,0.5,0.0,0.5,0.0,0.5,0.0,0.5002458008473678,0.0,0.5,0.0,0.5,0.0,0.5,0.0,0.5,0.0,0.49879440270728836,0.0,0.5,0.0,0.5,0.0,0.5024169296082747,0.0,0.5,0.0,0.5,0.0,0.5,0.0,0.5,0.0,0.5,0.0,0.507118805233699,0.0,0.5,0.0,0.5,0.0,0.5000110906784223,0.0,0.5,0.0,0.5,0.0,0.5,0.0,0.5,0.0,0.5,0.0,0.5,0.0,0.5,0.0,0.5003395901842584,0.0,0.5,0.0,0.5,0.0,0.5
CPI_n,300,3.2935140132904053,0.9893271450744154,1.0,0.006515055441560637,1.0,0.00927429965996565,1.0,0.018419565564966222,1.0,6.217437526132477e-05,1.0,0.0020288055043483945,1.0,0.0076123307571769345,1.0,6.874352643347407e-05,1.0,0.00010240753579634009,1.0,6.142700118331463e-05,1.0,1.2332356064497547e-06,1.0,0.0008599508050393803,1.0,3.2137421625573545e-06,0.0,0.5,0.0,0.5,0.0,0.5,0.0,0.5,0.0,0.5037479238776403,0.0,0.5040215902878041,0.0,0.5,0.0,0.5,0.0,0.5,0.0,0.5034438840037715,0.0,0.5,0.0,0.5,0.0,0.5,0.0,0.5,0.0,0.499011191721711,0.0,0.5,0.0,0.5,0.0,0.4752515775182563,0.0,0.5,0.0,0.5,0.0,0.5,0.0,0.5,0.0,0.5,0.0,0.48863802957900143,0.0,0.5,0.0,0.5,0.0,0.5003944678803149,0.0,0.5,0.0,0.5,0.0,0.5,0.0,0.5,0.0,0.5,0.0,0.5,0.0,0.5,0.0,0.5146215822571472,0.0,0.5,0.0,0.5,0.0,0.5
CPI_bt,300,3.497865915298462,0.9893271450744154,1.0,9.668642593751393e-11,1.0,1.453314572475287e-10,1.0,1.2365296229969755e-08,1.0,3.133975895752109e-18,1.0,7.417124804887767e-14,1.0,4.647946850325218e-12,1.0,1.1391184078723256e-23,1.0,6.080338352114814e-13,1.0,5.225440859776427e-13,1.0,2.028384403617429e-24,1.0,3.248249371586464e-14,1.0,1.2229836849048018e-20,0.0,0.5,0.0,0.5,0.0,0.5,0.0,0.5,0.0,0.5018287009842259,0.0,0.49916813527154313,0.0,0.5,0.0,0.5,0.0,0.5,0.0,0.5030614318430783,0.0,0.5,0.0,0.5,0.0,0.5,0.0,0.5,0.0,0.48343022706500693,0.0,0.5,0.0,0.5,0.0,0.4958738431513509,0.0,0.5,0.0,0.5,0.0,0.5,0.0,0.5,0.0,0.5,0.0,0.5289046788806037,0.0,0.5,0.0,0.5,0.0,0.49994638572660255,0.0,0.5,0.0,0.5,0.0,0.5,0.0,0.5,0.0,0.5,0.0,0.5,0.0,0.5,0.0,0.5021813741167864,0.0,0.5,0.0,0.5,0.0,0.5
CPI_sqd,300,3.4825594425201416,0.9893271450744154,1.0,1.3597710503541752e-123,1.0,1.9891569102994553e-274,1.0,2.5040525724689784e-242,1.0,5.170602671610391e-230,1.0,2.2851164244348704e-89,1.0,5.46659084573798e-282,1.0,2.436836970125879e-84,1.0,4.7107064491457675e-78,1.0,6.999529856750523e-70,1.0,3.769379154440978e-119,1.0,1.7162988845190255e-73,1.0,6.907143005941963e-221,0.0,0.5,0.0,0.5,0.0,0.5,0.0,0.5,0.0,0.5989546159324146,0.0,0.46229882434069036,0.0,0.5,0.0,0.5,0.0,0.5,0.0,0.6660130593841438,0.0,0.5,0.0,0.5,0.0,0.5,0.0,0.5,0.0,0.9998676881851494,0.0,0.5,0.0,0.5,0.0,0.24303307407456054,0.0,0.5,0.0,0.5,0.0,0.5,0.0,0.5,0.0,0.5,0.0,6.790745815115526e-55,0.0,0.5,0.0,0.5,0.0,0.5108904266437845,0.0,0.5,0.0,0.5,0.0,0.5,0.0,0.5,0.0,0.5,0.0,0.5,0.0,0.5,0.0,0.8588612988777761,0.0,0.5,0.0,0.5,0.0,0.5
S-CPI,300,3.390622854232788,0.9893271450744154,1.0,0.006081125960247444,1.0,5.9563614306842915e-05,1.0,0.0001496313646745229,1.0,1.9290678148673654e-06,1.0,1.647180629614774e-05,1.0,6.596362907417263e-05,1.0,1.3136395843439253e-06,1.0,5.978112177227924e-07,1.0,5.8918363726396076e-05,1.0,1.7649378785231444e-08,1.0,0.0005387484851691589,1.0,9.03799039394633e-09,0.0,0.20337467086955274,0.0,0.20337467086955274,0.0,0.20337467086955274,0.0,0.20337467086955274,0.0,0.9537328328367238,0.0,0.6453935469699384,0.0,0.20337467086955274,0.0,0.20337467086955274,0.0,0.20337467086955274,0.0,0.9845748368708048,0.0,0.20337467086955274,0.0,0.20337467086955274,0.0,0.20337467086955274,0.0,0.20337467086955274,0.0,0.11519386844302804,0.0,0.20337467086955274,0.0,0.20337467086955274,0.0,0.6781036560970746,0.0,0.20337467086955274,0.0,0.20337467086955274,0.0,0.20337467086955274,0.0,0.20337467086955274,0.0,0.20337467086955274,0.0,0.4869358108098734,0.0,0.20337467086955274,0.0,0.20337467086955274,0.0,0.4929359615620047,0.0,0.20337467086955274,0.0,0.20337467086955274,0.0,0.20337467086955274,0.0,0.20337467086955274,0.0,0.20337467086955274,0.0,0.20337467086955274,0.0,0.20337467086955274,0.0,0.8229577116084641,0.0,0.20337467086955274,0.0,0.20337467086955274,0.0,0.20337467086955274
S-CPI_sqrt,300,3.4056332111358643,0.9893271450744154,1.0,0.33235285249755775,1.0,0.26065502349501923,1.0,0.26074150048374845,1.0,0.16608126614798407,1.0,0.2162692220870206,1.0,0.19918411952936482,1.0,0.12627688157929762,1.0,0.15436902953577158,1.0,0.20168891074323164,1.0,0.061724430978814325,1.0,0.22932052056984054,1.0,0.06708652565327076,0.0,0.4999999999999999,0.0,0.4999999999999999,0.0,0.4999999999999999,0.0,0.4999999999999999,0.0,0.5007871072475304,0.0,0.5001445760482327,0.0,0.4999999999999999,0.0,0.4999999999999999,0.0,0.4999999999999999,0.0,0.5003890178899499,0.0,0.4999999999999999,0.0,0.4999999999999999,0.0,0.4999999999999999,0.0,0.4999999999999999,0.0,0.4969507872307883,0.0,0.4999999999999999,0.0,0.4999999999999999,0.0,0.502143411371718,0.0,0.4999999999999999,0.0,0.4999999999999999,0.0,0.4999999999999999,0.0,0.4999999999999999,0.0,0.4999999999999999,0.0,0.4972991506247565,0.0,0.4999999999999999,0.0,0.4999999999999999,0.0,0.5000551509738246,0.0,0.4999999999999999,0.0,0.4999999999999999,0.0,0.4999999999999999,0.0,0.4999999999999999,0.0,0.4999999999999999,0.0,0.4999999999999999,0.0,0.4999999999999999,0.0,0.500947850806865,0.0,0.4999999999999999,0.0,0.4999999999999999,0.0,0.4999999999999999
S-CPI_n,300,3.3883278369903564,0.9893271450744154,1.0,0.011399100876278968,1.0,0.003913857640081945,1.0,0.006702961916364566,1.0,0.00018365236622476153,1.0,0.001816548069174668,1.0,0.0009841557267234082,1.0,0.00043548418857230673,1.0,0.00033966003985384465,1.0,0.00015598672066036411,1.0,9.58677124313496e-06,1.0,0.0060868927674163804,1.0,1.4687573433648755e-06,0.0,0.4999999999999991,0.0,0.4999999999999991,0.0,0.4999999999999991,0.0,0.4999999999999991,0.0,0.5050167258287753,0.0,0.5006839799504085,0.0,0.4999999999999991,0.0,0.4999999999999991,0.0,0.4999999999999991,0.0,0.5031567543667361,0.0,0.4999999999999991,0.0,0.4999999999999991,0.0,0.4999999999999991,0.0,0.4999999999999991,0.0,0.4856201194613151,0.0,0.4999999999999991,0.0,0.4999999999999991,0.0,0.5136340214980846,0.0,0.4999999999999991,0.0,0.4999999999999991,0.0,0.4999999999999991,0.0,0.4999999999999991,0.0,0.4999999999999991,0.0,0.4910090318737949,0.0,0.4999999999999991,0.0,0.4999999999999991,0.0,0.500641530552944,0.0,0.4999999999999991,0.0,0.4999999999999991,0.0,0.4999999999999991,0.0,0.4999999999999991,0.0,0.4999999999999991,0.0,0.4999999999999991,0.0,0.4999999999999991,0.0,0.5059937692282673,0.0,0.4999999999999991,0.0,0.4999999999999991,0.0,0.4999999999999991
S-CPI_bt,300,3.588575601577759,0.9893271450744154,1.0,1.3549596424796693e-05,1.0,4.09909109944016e-08,1.0,4.018937854848357e-07,1.0,2.512857462967006e-13,1.0,3.1155037886298245e-11,1.0,9.987064924349321e-10,1.0,3.019153832496499e-11,1.0,1.1523285218556963e-15,1.0,3.1674933418640583e-09,1.0,2.486289796681524e-16,1.0,1.53107843083006e-07,1.0,3.9000334840411964e-23,0.0,0.4999999999999991,0.0,0.4999999999999991,0.0,0.4999999999999991,0.0,0.4999999999999991,0.0,0.5086622225806954,0.0,0.5018755826733988,0.0,0.4999999999999991,0.0,0.4999999999999991,0.0,0.4999999999999991,0.0,0.5035269171912775,0.0,0.4999999999999991,0.0,0.4999999999999991,0.0,0.4999999999999991,0.0,0.4999999999999991,0.0,0.463886384482644,0.0,0.4999999999999991,0.0,0.4999999999999991,0.0,0.525130955131426,0.0,0.4999999999999991,0.0,0.4999999999999991,0.0,0.4999999999999991,0.0,0.4999999999999991,0.0,0.4999999999999991,0.0,0.4954963660408604,0.0,0.4999999999999991,0.0,0.4999999999999991,0.0,0.5013100789144248,0.0,0.4999999999999991,0.0,0.4999999999999991,0.0,0.4999999999999991,0.0,0.4999999999999991,0.0,0.4999999999999991,0.0,0.4999999999999991,0.0,0.4999999999999991,0.0,0.5148571823501252,0.0,0.4999999999999991,0.0,0.4999999999999991,0.0,0.4999999999999991
S-CPI_sqd,300,3.583760976791382,0.9893271450744154,1.0,8.00064371144826e-86,1.0,1.2048238908296092e-89,1.0,4.9990080053187543e-132,1.0,2.2370490625852016e-277,1.0,7.786265637774717e-71,1.0,1.6428344985588829e-84,1.0,2.3925445494326273e-46,1.0,4.1440341238374584e-105,1.0,9.103507347721027e-78,1.0,4.326100683620342e-72,1.0,9.8122498768209e-84,1.0,1.3238912168743103e-94,0.0,0.49999999999992256,0.0,0.49999999999992256,0.0,0.49999999999992256,0.0,0.49999999999992256,0.0,0.9667905527815984,0.0,0.4115944071265047,0.0,0.49999999999992256,0.0,0.49999999999992256,0.0,0.49999999999992256,0.0,0.8579408653841816,0.0,0.49999999999992256,0.0,0.49999999999992256,0.0,0.49999999999992256,0.0,0.49999999999992256,0.0,2.0778715260930085e-11,0.0,0.49999999999992256,0.0,0.49999999999992256,0.0,0.9884825872244506,0.0,0.49999999999992256,0.0,0.49999999999992256,0.0,0.49999999999992256,0.0,0.49999999999992256,0.0,0.49999999999992256,0.0,0.012467288782215492,0.0,0.49999999999992256,0.0,0.49999999999992256,0.0,0.5567810087277623,0.0,0.49999999999992256,0.0,0.49999999999992256,0.0,0.49999999999992256,0.0,0.49999999999992256,0.0,0.49999999999992256,0.0,0.49999999999992256,0.0,0.49999999999992256,0.0,0.9504531171027999,0.0,0.49999999999992256,0.0,0.49999999999992256,0.0,0.49999999999992256
S-CPI2,300,4.437694549560547,0.9893271450744154,1.0,0.001626428234666154,1.0,3.42966220319178e-05,1.0,0.00016132919460296293,1.0,1.4857561294427428e-07,1.0,2.0720757833416817e-05,1.0,6.0539197099041194e-05,1.0,3.62965558676469e-06,1.0,3.6042090234622137e-07,1.0,5.207237468789789e-05,1.0,5.958915837520163e-08,1.0,0.0003792171949984683,1.0,2.7799514223207526e-10,0.0,0.17444649790279765,0.0,0.17444649790279765,0.0,0.17444649790279765,0.0,0.17444649790279765,0.0,0.9435885748248736,0.0,0.5675426365330389,0.0,0.17444649790279765,0.0,0.17444649790279765,0.0,0.17444649790279765,0.0,0.9918264032617959,0.0,0.17444649790279765,0.0,0.17444649790279765,0.0,0.17444649790279765,0.0,0.17444649790279765,0.0,0.11740253901873249,0.0,0.17444649790279765,0.0,0.17444649790279765,0.0,0.7337597710085493,0.0,0.17444649790279765,0.0,0.17444649790279765,0.0,0.17444649790279765,0.0,0.17444649790279765,0.0,0.17444649790279765,0.0,0.44800453710020066,0.0,0.17444649790279765,0.0,0.17444649790279765,0.0,0.7471430628929834,0.0,0.17444649790279765,0.0,0.17444649790279765,0.0,0.17444649790279765,0.0,0.17444649790279765,0.0,0.17444649790279765,0.0,0.17444649790279765,0.0,0.17444649790279765,0.0,0.9003192447545709,0.0,0.17444649790279765,0.0,0.17444649790279765,0.0,0.17444649790279765
S-CPI2_sqrt,300,4.434652805328369,0.9893271450744154,1.0,0.3293372659581303,1.0,0.25946116258603535,1.0,0.2495268878829517,1.0,0.16134769019433748,1.0,0.18095128978845898,1.0,0.17461378328202332,1.0,0.12009579067056425,1.0,0.14501546023336265,1.0,0.20457936929283954,1.0,0.05275842194204836,1.0,0.25077642964154767,1.0,0.05796084692608307,0.0,0.4999999999999989,0.0,0.4999999999999989,0.0,0.4999999999999989,0.0,0.4999999999999989,0.0,0.5007698575695447,0.0,0.5000908151657847,0.0,0.4999999999999989,0.0,0.4999999999999989,0.0,0.4999999999999989,0.0,0.5005127744297274,0.0,0.4999999999999989,0.0,0.4999999999999989,0.0,0.4999999999999989,0.0,0.4999999999999989,0.0,0.4961302859185959,0.0,0.4999999999999989,0.0,0.4999999999999989,0.0,0.5031506631969335,0.0,0.4999999999999989,0.0,0.4999999999999989,0.0,0.4999999999999989,0.0,0.4999999999999989,0.0,0.4999999999999989,0.0,0.4998979888287598,0.0,0.4999999999999989,0.0,0.4999999999999989,0.0,0.5000557924450312,0.0,0.4999999999999989,0.0,0.4999999999999989,0.0,0.4999999999999989,0.0,0.4999999999999989,0.0,0.4999999999999989,0.0,0.4999999999999989,0.0,0.4999999999999989,0.0,0.5010459419679363,0.0,0.4999999999999989,0.0,0.4999999999999989,0.0,0.4999999999999989
S-CPI2_n,300,4.435641765594482,0.9893271450744154,1.0,0.027398033977341512,1.0,0.005026971784400115,1.0,0.00593653846012718,1.0,0.0002618397696611136,1.0,0.0010742831262237765,1.0,0.0021766849172190324,1.0,0.0003098693667013819,1.0,0.00019675947653151132,1.0,0.0021375407264131916,1.0,3.313644920168396e-06,1.0,0.00556967781564954,1.0,7.460497015970469e-07,0.0,0.4999999999999897,0.0,0.4999999999999897,0.0,0.4999999999999897,0.0,0.4999999999999897,0.0,0.5065697240036505,0.0,0.5016292196506827,0.0,0.4999999999999897,0.0,0.4999999999999897,0.0,0.4999999999999897,0.0,0.504894927782599,0.0,0.4999999999999897,0.0,0.4999999999999897,0.0,0.4999999999999897,0.0,0.4999999999999897,0.0,0.47333799115548025,0.0,0.4999999999999897,0.0,0.4999999999999897,0.0,0.5235838406818621,0.0,0.4999999999999897,0.0,0.4999999999999897,0.0,0.4999999999999897,0.0,0.4999999999999897,0.0,0.4999999999999897,0.0,0.5088641598569269,0.0,0.4999999999999897,0.0,0.4999999999999897,0.0,0.5006323545723737,0.0,0.4999999999999897,0.0,0.4999999999999897,0.0,0.4999999999999897,0.0,0.4999999999999897,0.0,0.4999999999999897,0.0,0.4999999999999897,0.0,0.4999999999999897,0.0,0.5097418826891572,0.0,0.4999999999999897,0.0,0.4999999999999897,0.0,0.4999999999999897
S-CPI2_bt,300,4.626016855239868,0.9893271450744154,1.0,6.44124613841167e-05,1.0,7.880378583856971e-08,1.0,8.483676172211554e-10,1.0,8.97723278962456e-17,1.0,4.432709898096857e-12,1.0,1.0044118467950045e-10,1.0,1.133002242291075e-15,1.0,5.6138111313187375e-12,1.0,1.186230670712889e-10,1.0,6.438455963730085e-14,1.0,2.1387459523399872e-07,1.0,1.5878418510484626e-24,0.0,0.4999999999999897,0.0,0.4999999999999897,0.0,0.4999999999999897,0.0,0.4999999999999897,0.0,0.5079144806010389,0.0,0.5007724262454317,0.0,0.4999999999999897,0.0,0.4999999999999897,0.0,0.4999999999999897,0.0,0.50501366887302,0.0,0.4999999999999897,0.0,0.4999999999999897,0.0,0.4999999999999897,0.0,0.4999999999999897,0.0,0.46933569352905946,0.0,0.4999999999999897,0.0,0.4999999999999897,0.0,0.5323762596565658,0.0,0.4999999999999897,0.0,0.4999999999999897,0.0,0.4999999999999897,0.0,0.4999999999999897,0.0,0.4999999999999897,0.0,0.4992021720826838,0.0,0.4999999999999897,0.0,0.4999999999999897,0.0,0.5004668927189271,0.0,0.4999999999999897,0.0,0.4999999999999897,0.0,0.4999999999999897,0.0,0.4999999999999897,0.0,0.4999999999999897,0.0,0.4999999999999897,0.0,0.4999999999999897,0.0,0.510388048352099,0.0,0.4999999999999897,0.0,0.4999999999999897,0.0,0.4999999999999897
S-CPI2_sqd,300,4.641350269317627,0.9893271450744154,1.0,1.789672084640186e-108,1.0,4.110582822069962e-145,1.0,4.1978431767487196e-89,1.0,2.570959100947544e-125,1.0,4.660457813840929e-45,1.0,2.1692385695290667e-92,1.0,6.115842579929598e-57,1.0,4.577867436392172e-88,1.0,7.652377076366992e-82,1.0,2.1841447347765422e-38,1.0,1.0609702042022233e-42,1.0,9.891424158877636e-121,0.0,0.4999999999990721,0.0,0.4999999999990721,0.0,0.4999999999990721,0.0,0.4999999999990721,0.0,0.9261387983067778,0.0,0.5712487474967114,0.0,0.4999999999990721,0.0,0.4999999999990721,0.0,0.4999999999990721,0.0,0.8670311624287557,0.0,0.4999999999990721,0.0,0.4999999999990721,0.0,0.4999999999990721,0.0,0.4999999999990721,0.0,3.269154695535649e-10,0.0,0.4999999999990721,0.0,0.4999999999990721,0.0,0.9999999075017941,0.0,0.4999999999990721,0.0,0.4999999999990721,0.0,0.4999999999990721,0.0,0.4999999999990721,0.0,0.4999999999990721,0.0,0.05360014309075273,0.0,0.4999999999990721,0.0,0.4999999999990721,0.0,0.5609430440094353,0.0,0.4999999999990721,0.0,0.4999999999990721,0.0,0.4999999999990721,0.0,0.4999999999990721,0.0,0.4999999999990721,0.0,0.4999999999990721,0.0,0.4999999999990721,0.0,0.9532691090414945,0.0,0.4999999999990721,0.0,0.4999999999990721,0.0,0.4999999999990721
LOCO,300,3.2004778385162354,0.9893271450744154,1.0,0.004074492241152677,1.0,1.964326607041361e-05,1.0,8.564725594831133e-05,1.0,9.965441119755099e-08,1.0,3.5778998866531976e-05,1.0,0.00015309284144824628,1.0,2.0793393118921647e-06,1.0,1.4630338046931612e-06,1.0,1.1897086828492837e-06,1.0,5.619349778446591e-08,1.0,5.6773919439536605e-05,1.0,1.5247035516259903e-08,0.0,0.5512491476300845,0.0,0.860417356389661,0.0,0.7218478097269373,0.0,0.6154873094445554,0.0,0.6477360724712036,0.0,0.5280636825477033,0.0,0.4057626562207078,0.0,0.3433910753954032,0.0,0.8988281993055107,0.0,0.8466649733226601,0.0,0.48756370975888796,0.0,0.6273517004695782,0.0,0.49448703940959293,0.0,0.5038857592254634,0.0,0.08569623451917963,0.0,0.38833262369085497,0.0,0.396429610187824,0.0,0.816781437004025,0.0,0.5805558516783944,0.0,0.6644171189787424,0.0,0.44920659437860416,0.0,0.673009532395808,0.0,0.7154716127826262,0.0,0.6932352835836517,0.0,0.9069228162491378,0.0,0.9140344335158355,0.0,0.409809130882963,0.0,0.9291449900089483,0.0,0.7278249228412559,0.0,0.42558353470616506,0.0,0.7228961238388056,0.0,0.9832425886225795,0.0,0.3594677042219162,0.0,0.6554574281127812,0.0,0.7161780959155919,0.0,1.0,0.0,0.5057049963295993,0.0,0.5203293139072402
LOCO_sqrt,300,3.1906521320343018,0.9893271450744154,1.0,0.3469008859675997,1.0,0.25432814745748256,1.0,0.23514072737069064,1.0,0.12808763573863902,1.0,0.185289504153417,1.0,0.1842022429005481,1.0,0.11212448916765366,1.0,0.14686566390867273,1.0,0.15701291829958158,1.0,0.06004030420417514,1.0,0.19486371560917565,1.0,0.04455934357969819,0.0,0.500000068107068,0.0,0.5000000000000001,0.0,0.5000002414448385,0.0,0.5000001048817719,0.0,0.5002087315435081,0.0,0.5000335516136799,0.0,0.49999991861601756,0.0,0.49999968640892517,0.0,0.5000003928977212,0.0,0.5003850662774537,0.0,0.4999999697649987,0.0,0.5000003818078886,0.0,0.4999999961806949,0.0,0.5000000138843457,0.0,0.49319096500347326,0.0,0.4999998294104275,0.0,0.4999999503229761,0.0,0.5050517151797242,0.0,0.5000000874070968,0.0,0.5000003206457849,0.0,0.49999997057829515,0.0,0.5000001190340528,0.0,0.5000001441101187,0.0,0.5042575644833883,0.0,0.5000001532275296,0.0,0.5000003011527475,0.0,0.49996320135031364,0.0,0.5000003970992861,0.0,0.5000003352208344,0.0,0.49999974167008326,0.0,0.5000000515330526,0.0,0.5000000000000001,0.0,0.4999999713829649,0.0,0.5000001065652174,0.0,0.5009210202199805,0.0,0.5,0.0,0.5000000012627989,0.0,0.5000000482070975
LOCO_n,300,3.1885828971862793,0.9893271450744154,1.0,0.04941348333481317,1.0,0.0039997760817920966,1.0,0.0046088391111729805,1.0,7.986294946138083e-05,1.0,0.0017760097347744607,1.0,0.0030744743718181624,1.0,0.00018698093480860214,1.0,0.00030395657540751447,1.0,0.0003395417316806197,1.0,1.1705206046132283e-05,1.0,0.002384743367224682,1.0,3.84187667191593e-06,0.0,0.5000006461131121,0.0,0.500000000000001,0.0,0.50000229052686,0.0,0.5000009949882933,0.0,0.5019572747662885,0.0,0.5003151039728982,0.0,0.4999992279293567,0.0,0.4999970250630674,0.0,0.5000037273306231,0.0,0.5036239692107233,0.0,0.4999997131715101,0.0,0.5000036220571056,0.0,0.49999996376710354,0.0,0.500000131714474,0.0,0.4417952409567662,0.0,0.4999983816659209,0.0,0.4999995287242682,0.0,0.5427475377950844,0.0,0.5000008292089445,0.0,0.500003041864134,0.0,0.49999972088256855,0.0,0.5000011292497983,0.0,0.5000013671412664,0.0,0.5342072694978969,0.0,0.5000014536403967,0.0,0.5000028569724189,0.0,0.49965209174257397,0.0,0.5000037671929468,0.0,0.5000031801466601,0.0,0.4999975493390042,0.0,0.5000004888845573,0.0,0.500000000000001,0.0,0.4999997285154271,0.0,0.5000010109606916,0.0,0.5084473260602739,0.0,0.5,0.0,0.5000000119799393,0.0,0.5000004573234836
LOCO_bt,300,3.386850595474243,0.9893271450744154,1.0,0.00012725766920543998,1.0,5.712937293446864e-10,1.0,1.0719990210755348e-08,1.0,1.0181404938237561e-18,1.0,2.7378080319776588e-09,1.0,3.940763665548681e-09,1.0,9.631261054972551e-15,1.0,3.3242583558208173e-13,1.0,1.1541446454486412e-14,1.0,1.4483467036591835e-22,1.0,4.547338617426301e-09,1.0,3.809490900610043e-24,0.0,0.5000006461212355,0.0,0.500000000000001,0.0,0.500002290549213,0.0,0.5000009949967441,0.0,0.5019828876893874,0.0,0.5003186749109763,0.0,0.4999992279230906,0.0,0.4999970250080495,0.0,0.5000037273579387,0.0,0.5036564341146996,0.0,0.49999971316489566,0.0,0.5000036221583409,0.0,0.49999996376686545,0.0,0.5000001317189388,0.0,0.43495495223717956,0.0,0.49999838164277777,0.0,0.4999995287221482,0.0,0.5484231414505859,0.0,0.5000008292174216,0.0,0.5000030419187663,0.0,0.49999972088103894,0.0,0.5000011292569295,0.0,0.500001367149494,0.0,0.5410415899458975,0.0,0.5000014536444032,0.0,0.5000028569873965,0.0,0.4996507566366121,0.0,0.5000037672171556,0.0,0.5000031801884758,0.0,0.49999754925876844,0.0,0.5000004888855701,0.0,0.500000000000001,0.0,0.4999997285149138,0.0,0.5000010109670947,0.0,0.5087709540875541,0.0,0.5,0.0,0.5000000119799645,0.0,0.5000004573337673
LOCO_sqd,300,3.384460926055908,0.9893271450744154,1.0,4.81862760933846e-65,1.0,1.9076782885243197e-145,1.0,1.5624754464366437e-64,1.0,1.518006288283965e-78,1.0,1.9139844216757122e-62,1.0,2.4504531372444337e-65,1.0,2.2537373647934086e-86,1.0,5.006678921821605e-56,1.0,1.7733167352727155e-76,1.0,3.283309436302061e-45,1.0,1.2909328648293607e-53,1.0,1.3798210540445406e-57,0.0,0.5000581509109211,0.0,0.5000000000000852,0.0,0.5002061494198575,0.0,0.5000895497061707,0.0,0.6724446110221461,0.0,0.5286303043722087,0.0,0.49993051307854336,0.0,0.4997322507454368,0.0,0.5003354621747959,0.0,0.795128775047355,0.0,0.49997418484074135,0.0,0.5003259942118872,0.0,0.4999967390178902,0.0,0.5000118547043528,0.0,3.962356086595723e-37,0.0,0.49985434785346544,0.0,0.4999575849934222,0.0,1.0,0.0,0.5000746295674514,0.0,0.5002737726666808,0.0,0.49997487929352646,0.0,0.5001016331225246,0.0,0.5001230434524705,0.0,0.999999999998812,0.0,0.5001308279939329,0.0,0.5002571288478156,0.0,0.4686036678646553,0.0,0.5003390495030948,0.0,0.5002862169378323,0.0,0.4997794333023911,0.0,0.5000439997012236,0.0,0.5000000000000852,0.0,0.4999755663422568,0.0,0.5000909870377093,0.0,0.9747819006101622,0.0,0.5,0.0,0.5000010781968002,0.0,0.5000411600388415
S-CPI_ST,300,3.334909439086914,0.9893271450744154,1.0,0.0020825570079122217,1.0,9.387789808964946e-05,1.0,3.828536465524171e-05,1.0,5.451024595544623e-06,1.0,0.013150832565561134,1.0,1.4832264612600933e-05,1.0,0.007433376472813117,1.0,1.8975245890839e-06,1.0,1.4832264612600933e-05,1.0,3.828536465524171e-05,1.0,3.828536465524171e-05,1.0,1.5635911386702284e-08,0.0,1.0,0.0,1.0,0.0,1.0,0.0,1.0,0.0,0.977701237686042,0.0,0.8769467751418607,0.0,1.0,0.0,1.0,0.0,1.0,0.0,0.7007941408832403,0.0,1.0,0.0,1.0,0.0,1.0,0.0,1.0,0.0,0.7696037636405133,0.0,1.0,0.0,1.0,0.0,0.4580644385056446,0.0,1.0,0.0,1.0,0.0,1.0,0.0,1.0,0.0,1.0,0.0,0.2992058591167596,0.0,1.0,0.0,1.0,0.0,0.4580644385056446,0.0,1.0,0.0,1.0,0.0,1.0,0.0,1.0,0.0,1.0,0.0,1.0,0.0,1.0,0.0,0.8769467751418607,0.0,1.0,0.0,1.0,0.0,1.0
S-CPI_Wilcox,300,3.4935483932495117,0.9893271450744154,1.0,0.0006298929114001284,1.0,0.0001411399087060979,1.0,0.00023035216402444102,1.0,2.351911947604819e-08,1.0,2.393796848256331e-07,1.0,2.5604859903545105e-06,1.0,5.16689472283538e-08,1.0,1.0148645823141796e-07,1.0,2.460934381648804e-08,1.0,9.317894407778057e-13,1.0,3.5204469462633447e-06,1.0,3.566769495631181e-09,0.0,,0.0,,0.0,,0.0,,0.0,0.9522637312062101,0.0,0.18819445362572101,0.0,,0.0,,0.0,,0.0,0.8334021797496112,0.0,,0.0,,0.0,,0.0,,0.0,0.9276606185222951,0.0,,0.0,,0.0,0.3680474037864503,0.0,,0.0,,0.0,,0.0,,0.0,,0.0,0.1228546630126145,0.0,,0.0,,0.0,0.9694676805957971,0.0,,0.0,,0.0,,0.0,,0.0,,0.0,,0.0,,0.0,0.9963599444269092,0.0,,0.0,,0.0,
LOCO_ST,300,3.2497076988220215,0.9893271450744154,1.0,0.02229876231395796,1.0,0.0020825570079122217,1.0,0.0020825570079122217,1.0,0.0004863803539756835,1.0,0.0004863803539756835,1.0,0.0010301328404815372,1.0,1.4832264612600933e-05,1.0,0.004022964066612547,1.0,0.0020825570079122217,1.0,0.0010301328404815372,1.0,0.004022964066612547,1.0,1.940908722028159e-07,0.0,0.7007941408832403,0.0,0.9999999997807107,0.0,0.37601660079929766,0.0,0.23039623635948664,0.0,0.6239833992007023,0.0,0.4580644385056446,0.0,0.37601660079929766,0.0,0.23039623635948664,0.0,0.4580644385056446,0.0,0.17141655971039418,0.0,0.37601660079929766,0.0,0.4580644385056446,0.0,0.23039623635948664,0.0,0.8769467751418607,0.0,0.7696037636405133,0.0,0.9433278229782898,0.0,0.9433278229782898,0.0,0.23039623635948664,0.0,0.37601660079929766,0.0,0.4580644385056446,0.0,0.7696037636405133,0.0,0.2992058591167596,0.0,0.23039623635948664,0.0,0.7696037636405133,0.0,0.23039623635948664,0.0,0.2992058591167596,0.0,0.5419355614943554,0.0,0.7696037636405133,0.0,0.8285834402896058,0.0,0.9148788024769632,0.0,0.23039623635948664,0.0,1.0,0.0,0.6239833992007023,0.0,0.6239833992007023,0.0,0.8285834402896058,0.0,1.0,0.0,0.05667217702171029,0.0,0.9433278229782898
LOCO_Wilcox,300,3.2497076988220215,0.9893271450744154,1.0,0.012969903307323222,1.0,2.3510483456547077e-05,1.0,6.237794142756716e-05,1.0,1.123450136668493e-06,1.0,6.136424490553e-05,1.0,0.0003495169157746756,1.0,1.5395834640074488e-06,1.0,1.7185441062047598e-05,1.0,7.707731519767857e-05,1.0,3.587586492678929e-06,1.0,0.0003760600821405618,1.0,8.344772134936127e-09,0.0,0.7302643024111598,0.0,0.6682560173286298,0.0,0.5520213268689576,0.0,0.32106024270833566,0.0,0.5152458731537816,0.0,0.479943211883956,0.0,0.36996187434935907,0.0,0.2326035624738299,0.0,0.7002401681681502,0.0,0.3914189433464014,0.0,0.38679058803386723,0.0,0.3976139688119398,0.0,0.1929422589470961,0.0,0.7686241102478428,0.0,0.25790239555042227,0.0,0.7900946196232274,0.0,0.8026181505284065,0.0,0.3503920314186937,0.0,0.3356009064144743,0.0,0.31246396962518175,0.0,0.6510977898126163,0.0,0.4447972760489532,0.0,0.3341352485679422,0.0,0.7208763083596388,0.0,0.6054868788068798,0.0,0.6774975090437032,0.0,0.6510977898126163,0.0,0.7783143549715785,0.0,0.7587021039934716,0.0,0.8262709931172743,0.0,0.3623918450007894,0.0,0.5312635388187624,0.0,0.5663083206995989,0.0,0.5040129812711334,0.0,0.7900946196232274,0.0,,0.0,0.11643004082499692,0.0,0.8679116657381534
CPI_KO_ST,300,17.729157209396362,0.9897066386345994,1.0,1.5935969486913172e-08,1.0,3.923098202766471e-06,1.0,2.1202927934472704e-07,1.0,4.52791891250031e-10,1.0,1.883171086160874e-14,1.0,2.1250512358365867e-10,1.0,4.007437608269461e-09,1.0,2.8939027457285234e-13,1.0,1.652622927222925e-12,1.0,1.1827052362119696e-13,1.0,1.0597420507390021e-15,1.0,1.433160866052752e-16,0.0,1.0,0.0,1.0,0.0,1.0,0.0,1.0,0.0,1.0,0.0,1.0,0.0,1.0,0.0,1.0,0.0,1.0,0.0,1.0,0.0,1.0,0.0,1.0,0.0,1.0,0.0,1.0,0.0,0.6569122883943059,0.0,1.0,0.0,1.0,0.0,1.0,0.0,1.0,0.0,1.0,0.0,1.0,0.0,1.0,0.0,1.0,0.0,0.13631495635040838,0.0,1.0,0.0,1.0,0.0,1.0,0.0,1.0,0.0,1.0,0.0,1.0,0.0,1.0,0.0,1.0,0.0,1.0,0.0,1.0,0.0,1.0,0.0,1.0,0.0,0.9256037211294845,0.0,1.0
CPI_KO_Wilcox,300,17.784013748168945,0.9897066386345994,1.0,4.743540975986378e-09,1.0,1.9550906289911517e-09,1.0,4.0931373910740565e-17,1.0,3.59152740585506e-15,1.0,1.1118836376084965e-15,1.0,3.3241496842479555e-17,1.0,3.777975558139456e-16,1.0,4.005985182422894e-19,1.0,9.755056687705988e-23,1.0,8.05435120593079e-28,1.0,4.9914456642287867e-23,1.0,6.360996163116192e-27,0.0,,0.0,,0.0,,0.0,,0.0,,0.0,,0.0,,0.0,,0.0,,0.0,,0.0,,0.0,,0.0,,0.0,,0.0,0.6419804115379495,0.0,,0.0,,0.0,,0.0,,0.0,,0.0,,0.0,,0.0,,0.0,0.04440147562479593,0.0,,0.0,,0.0,,0.0,,0.0,,0.0,,0.0,,0.0,,0.0,,0.0,,0.0,,0.0,,0.0,0.38161308128164195,0.0,
dCRT,300,1.524118423461914,0.9897066386345994,1.0,4.3209617555223424e-19,1.0,4.0461229206171135e-17,1.0,6.174415538818444e-20,1.0,6.908944582236335e-22,1.0,2.5292327255878106e-22,1.0,2.082347025743972e-23,1.0,1.2317324461460853e-22,1.0,4.417679606578851e-22,1.0,1.8691262617736863e-23,1.0,2.614783525326212e-26,1.0,2.6702318567318653e-24,1.0,1.6859753321281692e-25,0.0,0.6932240765560664,0.0,0.6172424421893741,0.0,0.6977030053760771,0.0,0.8863850597501998,0.0,0.7727146107269899,0.0,0.3415949775163095,0.0,0.6927916341774729,0.0,0.716083380628207,0.0,0.4982339468223176,0.0,0.7986108840171016,0.0,0.7757276206300103,0.0,0.8319708987337422,0.0,0.5381486780911481,0.0,0.6322842912379321,0.0,0.06030856130745372,0.0,0.8897629543662157,0.0,0.09475973451424974,0.0,0.10913694086760935,0.0,0.6607345627784906,0.0,0.2943595123100452,0.0,0.5531284680567539,0.0,0.6535675015658653,0.0,0.7958013143762723,0.0,0.028111698300517695,0.0,0.5316431282133693,0.0,0.49704335345051753,0.0,0.7428891646343412,0.0,0.5637454058727083,0.0,0.8007131229699583,0.0,0.7932887445350087,0.0,0.39478521871817596,0.0,0.07902804545024184,0.0,0.6905101041537478,0.0,0.7710898989036437,0.0,0.3006898539669485,0.0,0.4413720537138256,0.0,0.244426822581834,0.0,0.6679854761149489
HRT,300,46.9968798160553,0.9893271450744154,1.0,0.0,1.0,0.0,1.0,0.0,1.0,0.0,1.0,0.0,1.0,0.0,1.0,0.0,1.0,0.0,1.0,0.0,1.0,0.0,1.0,0.0,1.0,0.0,0.0,1.0,0.0,1.0,0.0,1.0,0.0,1.0,0.0,0.9452380952380952,0.0,0.5190476190476191,0.0,1.0,0.0,1.0,0.0,1.0,0.0,0.9904761904761905,0.0,1.0,0.0,1.0,0.0,1.0,0.0,1.0,0.0,0.11904761904761904,0.0,1.0,0.0,1.0,0.0,0.6980952380952381,0.0,1.0,0.0,1.0,0.0,1.0,0.0,1.0,0.0,1.0,0.0,0.35095238095238096,0.0,1.0,0.0,1.0,0.0,0.7347619047619047,0.0,1.0,0.0,1.0,0.0,1.0,0.0,1.0,0.0,1.0,0.0,1.0,0.0,1.0,0.0,0.7728571428571429,0.0,1.0,0.0,1.0,0.0,1.0
